0,0,-105.2103103422372
59.99999988125637,0,-105.1635165093809
100.0000001164153,0,-105.1321066820304
200.0000002328306,0,-105.052840642324
260.000000114087,-0.0003124591139380287,-105.0047244696278
433.2534590153955,-0.0003124591139380287,-104.8637115408111
946.2958473013714,-0.0003124591139380287,-104.4288933167365
2199.464961269405,-0.0003124591139380287,-103.273484457224
3630.46647165902,-0.0003124591139380287,-101.8419783435992
5083.089740714058,-0.0003124591139380287,-100.3459889420004
6538.27237811638,-0.0003124591139380287,-98.89259136961239
7993.592187564354,-0.0003124591139380287,-97.56840206141986
9449.043963896111,-0.0003124591139380287,-96.44389497763297
10904.63051305851,-0.0003124591139380287,-95.57027725710222
12360.29388016323,-0.0003124591139380287,-94.97768218683363
13816.0052312538,-0.0003124591139380287,-94.67646764443416
15271.90545051126,-0.0003124591139380287,-94.66060880303816
16727.75766723789,-0.0003124591139380287,-94.9117813358729
18183.73667931883,-0.0003124591139380287,-95.40323540097168
19639.76832891349,-0.0003124591139380287,-96.10293241092765
21095.79277960584,-0.0003124591139380287,-96.97587806571018
22551.92297335016,-0.0003124591139380287,-97.98581488663052
24008.11676373705,-0.0003124591139380287,-99.09594612809151
25464.53634373611,-0.0003124591139380287,-100.2696287114563
26920.9935828927,-0.0003124591139380287,-101.4700692226775
28377.52163959667,-0.0003124591139380287,-102.6607297551938
29834.00569193764,-0.0003124591139380287,-103.8049222067721
31290.53907261696,-0.0003124591139380287,-104.8660045871949
32747.00520109618,-0.0003124591139380287,-105.8070990476515
34203.68034982821,-0.0003124591139380287,-106.5917738882132
35660.34793033032,-0.0003124591139380287,-107.1841805995435
37117.05839181086,-0.0003124591139380287,-107.5507711205151
38573.79395185271,-0.0003124591139380287,-107.662067830892
40030.72390143061,-0.0003124591139380287,-107.4954631663394
41487.46778878849,-0.0003124591139380287,-107.0389267693207
42944.33738772059,-0.0003124591139380287,-106.2948559736451
44401.07393158833,-0.0003124591139380287,-105.2842216479452
45857.90289379656,-0.0003124591139380287,-104.0485064128557
47314.55981817562,-0.0003124591139380287,-102.6501002159334
48771.29560547182,-0.0003124591139380287,-101.1675661943825
50228.10567476554,-0.0003124591139380287,-99.68888303410176
51684.8526082118,-0.0003124591139380287,-98.30172585662452
53141.3372228737,-0.0003124591139380287,-97.0837845049814
54597.93830837589,-0.0003124591139380287,-96.09510523338689
56054.51203125995,-0.0003124591139380287,-95.37551025899427
57510.89089281159,-0.0003124591139380287,-94.94406733401154
58967.06264864188,-0.0003124591139380287,-94.80166362643757
60423.33414650057,-0.0003124591139380287,-94.93507231521376
61879.59119720617,-0.0003124591139380287,-95.32100967888144
63335.64054623712,-0.0003124591139380287,-95.9294612112988
64791.52739929268,-0.0003124591139380287,-96.72656705513134
66247.3579608486,-0.0003124591139380287,-97.67654997079987
67703.00311240135,-0.0003124591139380287,-98.7426854660206
69158.49528405815,-0.0003124591139380287,-99.88818982692925
70613.95154041238,-0.0003124591139380287,-101.0764672373613
72069.40587783465,-0.0003124591139380287,-102.2709847196522
73524.88322829595,-0.0003124591139380287,-103.4352151894582
74980.18773186486,-0.0003124591139380287,-104.5323622049185
76435.49846968381,-0.0003124591139380287,-105.5257950671089
77890.90901490999,-0.0003124591139380287,-106.3788134841888
79346.04203165509,-0.0003124591139380287,-107.0550020958152
80801.14223607816,-0.0003124591139380287,-107.5198154177131
82256.46644853987,-0.0003124591139380287,-107.7416989621995
83711.56379326712,-0.0003124591139380287,-107.6945418216997
84617.48053418705,-0.0003124591139380287,-107.5212263342341
84677.48053406831,0.0002758819453109671,-107.5058600387939
84851.21742300689,0.0002758819453109671,-107.4585636520805
85316.6702798917,0.0002758819453109671,-107.3113211195777
86437.0171715389,0.0002758819453109671,-106.8350830304202
87850.23573391372,0.0002758819453109671,-105.9974022744273
89300.70222843206,0.0002758819453109671,-104.889836989998
90755.36529166857,0.0002758819453109671,-103.5763003320595
92210.51348793553,0.0002758819453109671,-102.128373287369
93665.61268558726,0.0002758819453109671,-100.6299303277984
95120.72519317735,0.0002758819453109671,-99.16991824991095
96575.76767908176,0.0002758819453109671,-97.83312705006082
98030.6689048768,0.0002758819453109671,-96.69115225845913
99485.40404577507,0.0002758819453109671,-95.7965216268734
100940.0414314703,0.0002758819453109671,-95.18063663721048
102394.6840622462,0.0002758819453109671,-94.85506960279372
103849.1741600912,0.0002758819453109671,-94.81483520985391
105303.6228957586,0.0002758819453109671,-95.04232449157446
106757.9742024886,0.0002758819453109671,-95.51126184436357
108212.1297703008,0.0002758819453109671,-96.1898634763632
109666.2530070171,0.0002758819453109671,-97.04341141723126
111120.1534646913,0.0002758819453109671,-98.03554292832034
112573.9542960073,0.0002758819453109671,-99.12958464972239
114027.8193409788,0.0002758819453109671,-100.2889085992276
115481.7121050088,0.0002758819453109671,-101.4768606925865
116935.566270689,0.0002758819453109671,-102.6568379985805
118389.368048741,0.0002758819453109671,-103.7922480152181
119842.8222703398,0.0002758819453109671,-104.8461827159661
121296.4677882381,0.0002758819453109671,-105.7822478938527
122749.8812964186,0.0002758819453109671,-106.5635613473365
124203.3443363034,0.0002758819453109671,-107.1545274182627
125656.6995737026,0.0002758819453109671,-107.5213697100046
127110.0173760555,0.0002758819453109671,-107.6343874721547
128563.5177607765,0.0002758819453109671,-107.4705221200848
130017.012621928,0.0002758819453109671,-107.016973625092
131470.448710327,0.0002758819453109671,-106.2753312043566
132923.9501533681,0.0002758819453109671,-105.2652639587259
134377.5284973322,0.0002758819453109671,-104.0271923668597
135831.2838501181,0.0002758819453109671,-102.6221163059857
137285.0722773699,0.0002758819453109671,-101.1282838573795
138738.7587054516,0.0002758819453109671,-99.63368214399392
140192.5994939287,0.0002758819453109671,-98.22601243575383
141646.4511073194,0.0002758819453109671,-96.98388962100091
143100.3096712986,0.0002758819453109671,-95.96891324008914
144554.2685019085,0.0002758819453109671,-95.22200775325008
146008.3501089597,0.0002758819453109671,-94.76341117936842
147462.474167312,0.0002758819453109671,-94.59511012895986
148916.6711636237,0.0002758819453109671,-94.70461807734473
150370.9529845859,0.0002758819453109671,-95.06909579177372
151825.2550566453,0.0002758819453109671,-95.65887467198328
153279.8240516684,0.0002758819453109671,-96.44041092133547
154734.2327723396,0.0002758819453109671,-97.3777108521392
156188.8911477872,0.0002758819453109671,-98.43440799373498
157643.5214153607,0.0002758819453109671,-99.57350310251331
159098.1404437451,0.0002758819453109671,-100.7582851975808
160552.9566075769,0.0002758819453109671,-101.9523404890915
162007.8715478419,0.0002758819453109671,-103.1190305421896
163462.7885333961,0.0002758819453109671,-104.2216294045633
164917.684481421,0.0002758819453109671,-105.2233494486157
166372.8451009258,0.0002758819453109671,-106.0875965291831
167827.9131942778,0.0002758819453109671,-106.7778473674022
169283.1293103634,0.0002758819453109671,-107.2593255421945
169922.6397595368,0.0002758819453109671,-107.3964931067885
169982.6397594181,0.0002682777468635188,-107.4068835584528
170203.1946968171,0.0002682777468635188,-107.4413393593798
170802.4781444343,0.0002682777468635188,-107.5046698424485
172081.7103368347,0.0002682777468635188,-107.4854503144655
173516.0016314825,0.0002682777468635188,-107.2020738708536
174968.8469748711,0.0002682777468635188,-106.6267800590887
176423.6331675318,0.0002682777468635188,-105.7692327158565
177878.6475377041,0.0002682777468635188,-104.6585196001093
179333.7889103685,0.0002682777468635188,-103.3444202466734
180788.8662686572,0.0002682777468635188,-101.8963710395074
182243.9486265415,0.0002682777468635188,-100.3977221670602
183698.9429753856,0.0002682777468635188,-98.93757669809236
185153.7595336908,0.0002682777468635188,-97.60070464615653
186608.6519154254,0.0002682777468635188,-96.45842050559566
188063.4912966052,0.0002682777468635188,-95.56341812468496
189518.2373127085,0.0002682777468635188,-94.94721423021996
190972.8615390253,0.0002682777468635188,-94.62141030491476
192427.3304531816,0.0002682777468635188,-94.5809589191889
193881.7278695991,0.0002682777468635188,-94.80824474224194
195336.0349434544,0.0002682777468635188,-95.27699404588644
196790.1751340367,0.0002682777468635188,-95.95543925737444
198244.3211483653,0.0002682777468635188,-96.80887884739265
199698.4094881802,0.0002682777468635188,-97.80105016892833
201152.2874731338,0.0002682777468635188,-98.89508922507812
202606.1510049622,0.0002682777468635188,-100.0543671532041
204059.883957007,0.0002682777468635188,-101.2421555075537
205513.7167566922,0.0002682777468635188,-102.4220953061495
206967.4582843669,0.0002682777468635188,-103.5574529531643
208421.1407510564,0.0002682777468635188,-104.6115539228262
209874.7441750369,0.0002682777468635188,-105.5475931370772
211328.35430915,0.0002682777468635188,-106.3290089407389
212781.9607339567,0.0002682777468635188,-106.9200068087873
214235.3178403107,0.0002682777468635188,-107.2868070079601
215688.8136463123,0.0002682777468635188,-107.3997720341592
217142.3916156055,0.0002682777468635188,-107.2357964110136
218595.7708457834,0.0002682777468635188,-106.7821758933146
220049.2610263755,0.0002682777468635188,-106.0403954019511
221502.8302943101,0.0002682777468635188,-105.0301541071716
222956.5741432481,0.0002682777468635188,-103.7917996364069
224410.3438369464,0.0002682777468635188,-102.3865710550213
225863.9903767034,0.0002682777468635188,-100.8927710327201
227317.6920389989,0.0002682777468635188,-99.39806416148689
228771.4277407271,0.0002682777468635188,-97.99042504049336
230225.3951161634,0.0002682777468635188,-96.74815395713387
231679.3616137002,0.0002682777468635188,-95.73308907456436
233133.4892477724,0.0002682777468635188,-94.98612508842224
234587.4603771488,0.0002682777468635188,-94.5276061648888
236041.6560225072,0.0002682777468635188,-94.35933639007037
237495.883622719,0.0002682777468635188,-94.4688889962018
238950.0477721333,0.0002682777468635188,-94.83335918732375
240404.4211002183,0.0002682777468635188,-95.42316814819967
241858.8767025503,0.0002682777468635188,-96.20462213509694
243313.2985420525,0.0002682777468635188,-97.14188144082156
244767.9868368083,0.0002682777468635188,-98.19852826799959
246222.5559666753,0.0002682777468635188,-99.33747560005266
247677.1543916082,0.0002682777468635188,-100.5221100940942
249131.7904052907,0.0002682777468635188,-101.7158556030821
250586.5993331303,0.0002682777468635188,-102.8822704842345
252041.6377407149,0.0002682777468635188,-103.9847372535714
253496.5161848115,0.0002682777468635188,-104.986180877288
254951.3892030926,0.0002682777468635188,-105.8499685023345
256406.3181510894,0.0002682777468635188,-106.5398519937875
257861.4267673809,0.0002682777468635188,-107.0209751318822
258533.8485032902,0.0002682777468635188,-107.1637407594924
258593.8485031715,0.000268274489884889,-107.1738778208629
258769.3969342858,0.000268274489884889,-107.2010349397779
259217.4283444765,0.000268274489884889,-107.2531708109087
260255.7583617861,0.000268274489884889,-107.2758367830697
261656.3201676006,0.000268274489884889,-107.079147054736
263105.2614139044,0.000268274489884889,-106.5923873417716
264559.6727538155,0.000268274489884889,-105.8180789573323
266014.6917331964,0.000268274489884889,-104.7795283077865
267469.8930475744,0.000268274489884889,-103.5202441425475
268924.8841585941,0.000268274489884889,-102.104341929277
270379.8761336831,0.000268274489884889,-100.6115573046676
271834.9571333849,0.000268274489884889,-99.13013981269062
273289.8644824745,0.000268274489884889,-97.74739615246149
274744.7583050584,0.000268274489884889,-96.53948678906116
276199.5973505429,0.000268274489884889,-95.56516661227482
277654.2699314305,0.000268274489884889,-94.86236820037266
279108.8877609931,0.000268274489884889,-94.44837074758098
280563.3218800882,0.000268274489884889,-94.32278906605676
282017.7565640188,0.000268274489884889,-94.47138224871961
283472.1622725483,0.000268274489884889,-94.87016138041378
284926.4186385088,0.000268274489884889,-95.48872340179213
286380.6948909536,0.000268274489884889,-96.29308108503562
287834.764153976,0.000268274489884889,-97.24717145116736
289288.5820586002,0.000268274489884889,-98.31426218082271
290742.4381413264,0.000268274489884889,-99.45777280446028
292196.2028718903,0.000268274489884889,-100.6409326129301
293650.041656883,0.000268274489884889,-101.827316126727
295103.7266585743,0.000268274489884889,-102.9801867134478
296557.4528005323,0.000268274489884889,-104.0630424412946
298011.0177056864,0.000268274489884889,-105.0389587277404
299464.450259856,0.000268274489884889,-105.8712706097193
300918.0629223702,0.000268274489884889,-106.5240145864632
302371.7340989504,0.000268274489884889,-106.9625625528532
303825.2153908485,0.000268274489884889,-107.1556472671182
305278.6281088251,0.000268274489884889,-107.0779288540585
306732.2498275666,0.000268274489884889,-106.7130456064914
308185.6826501666,0.000268274489884889,-106.057858401587
309639.3191665295,0.000268274489884889,-105.1260439968859
311092.9487863672,0.000268274489884889,-103.9517178584806
312546.7564318562,0.000268274489884889,-102.5897720873469
314000.3351743799,0.000268274489884889,-101.1141809178948
315454.118402442,0.000268274489884889,-99.61034573558426
316907.9599798657,0.000268274489884889,-98.16740181031722
318361.9921105332,0.000268274489884889,-96.86751832956267
319815.8048807178,0.000268274489884889,-95.77834782395345
321269.7952852235,0.000268274489884889,-94.94698284243603
322723.8662399235,0.000268274489884889,-94.39987477679364
324177.9692459735,0.000268274489884889,-94.14416505054444
325632.1584093967,0.000268274489884889,-94.17130405718878
327086.3103854586,0.000268274489884889,-94.46115915242662
328540.6339897891,0.000268274489884889,-94.98585861772085
329995.0139682856,0.000268274489884889,-95.71269109417999
331449.6174820815,0.000268274489884889,-96.60647770721661
332904.204062128,0.000268274489884889,-97.63062415807406
334358.8457725709,0.000268274489884889,-98.74836722491911
335813.5316065047,0.000268274489884889,-99.92293623646604
337268.1225314154,0.000268274489884889,-101.1175924403574
338722.9358261218,0.000268274489884889,-102.2960437354101
340177.7235350688,0.000268274489884889,-103.421478969938
341632.6457371004,0.000268274489884889,-104.4572742437195
343087.6151178265,0.000268274489884889,-105.3665510855911
344542.5853236462,0.000268274489884889,-106.1127698198241
345997.4659302738,0.000268274489884889,-106.6604688550679
347147.8739594109,0.000268274489884889,-106.9311701290721
347207.8739592922,0.000268271302884932,-106.9410320129469
347379.2017446715,0.000268271302884932,-106.9667878973021
347839.4780193572,0.000268271302884932,-107.0180642873897
348964.3253002432,0.000268271302884932,-107.029524842235
350377.8938123141,0.000268271302884932,-106.8042648967465
351828.2641134923,0.000268271302884932,-106.2878293904176
353282.7767019742,0.000268271302884932,-105.4853825911706
354737.7867571428,0.000268271302884932,-104.4221198842563
356192.8074885509,0.000268271302884932,-103.1438023908703
357647.8389112861,0.000268271302884932,-101.7160760753264
359102.8591696406,0.000268271302884932,-100.2201260650422
360557.8108537593,0.000268271302884932,-98.74468802373754
362012.7212181338,0.000268271302884932,-97.37609994569695
363467.6709069405,0.000268271302884932,-96.18911700340816
364922.3955092719,0.000268271302884932,-95.24064355958846
366377.2106468445,0.000268271302884932,-94.56623211089654
367831.8728928454,0.000268271302884932,-94.18143687992431
369286.4979194244,0.000268271302884932,-94.084240801335
370741.0299999174,0.000268271302884932,-94.25926854510317
372195.3984025866,0.000268271302884932,-94.68167357725815
373649.6402424993,0.000268271302884932,-95.32058714525773
375103.7429097109,0.000268271302884932,-96.14166090593287
376557.9091993393,0.000268271302884932,-97.10897527018484
378012.0291966596,0.000268271302884932,-98.18577789134289
379465.8129332936,0.000268271302884932,-99.33504287195407
380919.5716254297,0.000268271302884932,-100.5203384032952
382373.3413684764,0.000268271302884932,-101.7051450443258
383827.1781235817,0.000268271302884932,-102.8529479055676
385280.8397284476,0.000268271302884932,-103.9268880804951
386734.4643958379,0.000268271302884932,-104.8902940876301
388188.1647367263,0.000268271302884932,-105.7065370382169
389641.7997842655,0.000268271302884932,-106.3395024377973
391095.3938779305,0.000268271302884932,-106.754938099427
392548.9586913027,0.000268271302884932,-106.922097051216
394002.4549037218,0.000268271302884932,-106.8163284822054
395455.8956179884,0.000268271302884932,-106.4224876888246
396909.5905814669,0.000268271302884932,-105.7387363087343
398363.3034672355,0.000268271302884932,-104.7808733920009
399817.0340687851,0.000268271302884932,-103.5850489178193
401270.777467615,0.000268271302884932,-102.2083708863808
402724.6588833863,0.000268271302884932,-100.7258651380055
404178.3219932229,0.000268271302884932,-99.22449202257299
405632.2213686886,0.000268271302884932,-97.79253165383666
407085.9955408378,0.000268271302884932,-96.51142225520196
408539.9218583596,0.000268271302884932,-95.44637216518945
409993.9991444349,0.000268271302884932,-94.64273155498647
411448.002894083,0.000268271302884932,-94.12492074843678
412902.0633271895,0.000268271302884932,-93.8982296657759
414356.2798692612,0.000268271302884932,-93.95278896670926
415810.5857964722,0.000268271302884932,-94.26757864603681
417265.0391834672,0.000268271302884932,-94.81411885090812
418719.4821434794,0.000268271302884932,-95.55930889232828
420173.979422939,0.000268271302884932,-96.46770408661827
421628.450253827,0.000268271302884932,-97.50272219483159
423083.0412764917,0.000268271302884932,-98.62765915071554
424537.6922760741,0.000268271302884932,-99.80572974334228
425992.4560205312,0.000268271302884932,-101.0003669637005
427447.3830593401,0.000268271302884932,-102.1750510990746
428902.2087276215,0.000268271302884932,-103.2929408655928
430357.0738143171,0.000268271302884932,-104.3173918759118
431811.9644273655,0.000268271302884932,-105.2115976305153
433267.0083582052,0.000268271302884932,-105.9391680681393
434722.018589708,0.000268271302884932,-106.4647219118189
435764.6725786733,0.000268271302884932,-106.6987415816431
435824.6725785546,0.0002682702675077008,-106.7083066633669
435997.0858281478,0.0002682702675077008,-106.7333545167216
436504.6862398158,0.0002682702675077008,-106.7857424939974
437847.3199946922,0.0002682702675077008,-106.7644664181387
439289.0173812979,0.0002682702675077008,-106.4714282261836
440742.5597621827,0.0002682702675077008,-105.8867538132193
442197.4518167088,0.0002682702675077008,-105.0204513683229
443652.6093282038,0.0002682702675077008,-103.9020412802055
445107.7563863131,0.0002682702675077008,-102.5821105376024
446562.7498560003,0.0002682702675077008,-101.1306409591416
448017.7755964338,0.0002682702675077008,-99.63120097845854
449472.5667610299,0.0002682702675077008,-98.17310086848029
450927.3120312486,0.0002682702675077008,-96.84056683079575
452382.1673469502,0.0002682702675077008,-95.70453713358903
453836.806127918,0.0002682702675077008,-94.81721571200026
455291.4477588376,0.0002682702675077008,-94.20931713454799
456745.9793474176,0.0002682702675077008,-93.89195580436575
458200.432952866,0.0002682702675077008,-93.8596571745787
459654.8526398954,0.0002682702675077008,-94.09452151050783
461109.174576751,0.0002682702675077008,-94.57006198670324
462563.5502295569,0.0002682702675077008,-95.25449963011627
464017.7247223444,0.0002682702675077008,-96.11286086480924
465471.6573992162,0.0002682702675077008,-97.10880049497821
466925.7301713224,0.0002682702675077008,-98.20583189211394
468379.6358413878,0.0002682702675077008,-99.36696664932626
469833.4057544824,0.0002682702675077008,-100.5555868052297
471287.0483510778,0.0002682702675077008,-101.7351589654062
472740.6899453024,0.0002682702675077008,-102.8692209230911
474194.4856365211,0.0002682702675077008,-103.9211820148443
475648.0759366415,0.0002682702675077008,-104.8539916495496
477101.7516488791,0.0002682702675077008,-105.6312426946939
478555.2702758694,0.0002682702675077008,-106.2170774701387
480008.9145965176,0.0002682702675077008,-106.5779636177675
481462.5533970539,0.0002682702675077008,-106.6842207675815
482916.1563812988,0.0002682702675077008,-106.5130458457513
484369.9010053533,0.0002682702675077008,-106.051951680211
485823.6111298087,0.0002682702675077008,-105.3029655502787
487277.2320328862,0.0002682702675077008,-104.2864336037132
488730.9231364983,0.0002682702675077008,-103.0433025274318
490184.6879619872,0.0002682702675077008,-101.6352051013172
491638.4434816777,0.0002682702675077008,-100.1407132707669
493092.2145571327,0.0002682702675077008,-98.64776397498588
494545.9794502007,0.0002682702675077008,-97.24417784788331
495999.9397735228,0.0002682702675077008,-96.00784819415608
497454.0812264197,0.0002682702675077008,-94.999921261219
498908.1851631752,0.0002682702675077008,-94.26096884855183
500362.3029068112,0.0002682702675077008,-93.81059974336654
501816.4237458841,0.0002682702675077008,-93.65028222167291
503270.6614219816,0.0002682702675077008,-93.7671835051285
504725.004119135,0.0002682702675077008,-94.13824952767139
506179.2331023607,0.0002682702675077008,-94.73360215295777
507633.6880609626,0.0002682702675077008,-95.51962304797094
509088.1914964062,0.0002682702675077008,-96.46044666644971
510542.8321692743,0.0002682702675077008,-97.51950066436073
511997.4500478711,0.0002682702675077008,-98.65985387202375
513452.2272980888,0.0002682702675077008,-99.84493029987976
514906.8733860855,0.0002682702675077008,-101.0379006579143
516361.6008481127,0.0002682702675077008,-102.2023774978478
517816.2835919531,0.0002682702675077008,-103.3016135080401
519271.1068569333,0.0002682702675077008,-104.2989643419707
520725.9742736933,0.0002682702675077008,-105.1575878316598
522180.7905220776,0.0002682702675077008,-105.8411714144572
523635.6344109401,0.0002682702675077008,-106.3149485583989
524384.9577417132,0.0002682702675077008,-106.4665326070795
524444.9577415944,0.0002682712842520939,-106.4757738984213
524630.1247900701,0.0002682712842520939,-106.5015221835317
525094.1611894523,0.0002682712842520939,-106.5473632882724
526321.7362606782,0.0002682712842520939,-106.5350585325664
527748.8396636909,0.0002682712842520939,-106.266218405169
529200.658956205,0.0002682712842520939,-105.7053997404703
530655.3112897673,0.0002682712842520939,-104.8611306584362
532110.2808612865,0.0002682712842520939,-103.7615934586715
533565.244994103,0.0002682712842520939,-102.4556693908466
535020.206908125,0.0002682712842520939,-101.0117401862659
536475.1780650811,0.0002682712842520939,-99.51268246016919
537930.0798264798,0.0002682712842520939,-98.04756246206669
539384.8177519511,0.0002682712842520939,-96.70164411376446
540839.6205932717,0.0002682712842520939,-95.54714104634272
542294.2877005669,0.0002682712842520939,-94.63786127930696
543748.9926851587,0.0002682712842520939,-94.00629274341344
545203.572432173,0.0002682712842520939,-93.66509532448892
546657.9522874556,0.0002682712842520939,-93.60997706298012
548112.3326349654,0.0002682712842520939,-93.82387037615219
549566.5480964002,0.0002682712842520939,-94.28083700464684
551020.6852126052,0.0002682712842520939,-94.94937503642859
552474.876800389,0.0002682712842520939,-95.794898024349
553929.1199984844,0.0002682712842520939,-96.7812432889352
555383.0625217874,0.0002682712842520939,-97.8714183069316
556837.138931849,0.0002682712842520939,-99.02896288022689
558291.0432823934,0.0002682712842520939,-100.2169900273142
559744.8486386798,0.0002682712842520939,-101.3990059528843
561198.786235624,0.0002682712842520939,-102.5386241413724
562652.4746832205,0.0002682712842520939,-103.5988585730695
564106.1022172216,0.0002682712842520939,-104.5430796850525
565559.6535044024,0.0002682712842520939,-105.3346601455123
567013.4372818982,0.0002682712842520939,-105.9378884154403
568467.1430379152,0.0002682712842520939,-106.3187147588823
569920.9344791947,0.0002682712842520939,-106.447129160189
571374.7457679827,0.0002682712842520939,-106.2995952130777
572828.4538688371,0.0002682712842520939,-105.8627089748363
574282.2109915665,0.0002682712842520939,-105.1371027031303
575735.9245352098,0.0002682712842520939,-104.1414789307499
577189.6005394519,0.0002682712842520939,-102.9151605082921
578643.3424317394,0.0002682712842520939,-101.5181100478859
580097.2183101112,0.0002682712842520939,-100.027581701764
581551.0587751516,0.0002682712842520939,-98.53127403696909
583005.0143823959,0.0002682712842520939,-97.11723865128333
584458.9992098976,0.0002682712842520939,-95.8647644351467
585913.1231739535,0.0002682712842520939,-94.83643806334361
587367.1749635367,0.0002682712842520939,-94.07454872880699
588821.2922092876,0.0002682712842520939,-93.60029568448213
590275.6166355684,0.0002682712842520939,-93.41653080230009
591729.8988689203,0.0002682712842520939,-93.51149733468333
593184.2815622105,0.0002682712842520939,-93.86280146938412
594638.7287275284,0.0002682712842520939,-94.44108565987054
596093.2029772899,0.0002682712842520939,-95.21280996619738
597547.6884957869,0.0002682712842520939,-96.14226228232054
599002.2748278338,0.0002682712842520939,-97.19289780065104
600456.8629103364,0.0002682712842520939,-98.32783067739578
601911.4557532361,0.0002682712842520939,-99.51032946601653
603366.2273048074,0.0002682712842520939,-100.7039385669928
604820.9288733546,0.0002682712842520939,-101.8718933994795
606275.7906508748,0.0002682712842520939,-102.9777294392146
607730.6946860743,0.0002682712842520939,-103.9845631963954
609185.5606905883,0.0002682712842520939,-104.8555604553873
610640.3287604218,0.0002682712842520939,-105.5543763205003
612095.3329968732,0.0002682712842520939,-106.0461623230224
613009.7922089975,0.0002682712842520939,-106.2346553583774
613069.7922088788,0.00026827535132955,-106.2435380411661
613240.6634038081,0.00026827535132955,-106.2664183296058
613802.0729055279,0.00026827535132955,-106.3159766273269
615080.2738409489,0.00026827535132955,-106.2766527117133
616514.2234443803,0.00026827535132955,-105.9699065915497
617966.6683640331,0.00026827535132955,-105.3710961303195
619421.2990336237,0.00026827535132955,-104.4913888418429
620876.1753705097,0.00026827535132955,-103.3615968423706
622331.0904415324,0.00026827535132955,-102.0332425508452
623786.0255030799,0.00026827535132955,-100.5769777783913
625240.9799268236,0.00026827535132955,-99.07701816884683
626695.7975135883,0.00026827535132955,-97.62258597112033
628150.6274362095,0.00026827535132955,-96.29752327581871
629605.3236675798,0.00026827535132955,-95.17220856316304
631060.0053141243,0.00026827535132955,-94.29749830431696
632514.5638846792,0.00026827535132955,-93.70331904451582
633969.0639505978,0.00026827535132955,-93.39980509152132
635423.5019270447,0.00026827535132955,-93.38080988570515
636877.9096884071,0.00026827535132955,-93.62793532680215
638332.3433457641,0.00026827535132955,-94.11441354159879
639786.6106582806,0.00026827535132955,-94.80813191124861
641240.9007528098,0.00026827535132955,-95.67422020629354
642694.9273413629,0.00026827535132955,-96.67617444776879
644148.9731833572,0.00026827535132955,-97.77741023606184
645602.9092256678,0.00026827535132955,-98.94107044920813
647056.859834888,0.00026827535132955,-100.1306252427968
648510.8272131532,0.00026827535132955,-101.3095306836958
649964.5306315622,0.00026827535132955,-102.4409847801299
651418.2256786502,0.00026827535132955,-103.4884952055463
652872.0439925208,0.00026827535132955,-104.4153490153359
654325.6902409019,0.00026827535132955,-105.1847814251901
655779.46762793,0.00026827535132955,-105.7612798992451
657233.3454934415,0.00026827535132955,-106.1112653816906
658687.1264857356,0.00026827535132955,-106.205316207074
660140.7682921272,0.00026827535132955,-106.0210841230467
661594.5202037226,0.00026827535132955,-105.5466990701414
663048.2822782709,0.00026827535132955,-104.7849412071358
664502.0950868027,0.00026827535132955,-103.7569908565545
665955.9212197317,0.00026827535132955,-102.5049126710491
667409.7296419088,0.00026827535132955,-101.0913082065948
668863.6842103209,0.00026827535132955,-99.59514129001846
670317.5772484392,0.00026827535132955,-98.10480305431432
671771.4114814298,0.00026827535132955,-96.70783117386648
673225.5086253863,0.00026827535132955,-95.48134207584317
674679.5710701495,0.00026827535132955,-94.48575820443861
676133.7091406342,0.00026827535132955,-93.76038891389395
677587.8158374457,0.00026827535132955,-93.32400766403136
679041.9647501316,0.00026827535132955,-93.17728829561233
680496.2299664388,0.00026827535132955,-93.30684370100538
681950.5560746533,0.00026827535132955,-93.68921588372317
683404.9465253949,0.00026827535132955,-94.2943744196275
684859.4657243695,0.00026827535132955,-95.08847102778709
686313.9463212225,0.00026827535132955,-96.03554679629092
687768.4625602327,0.00026827535132955,-97.09897704075338
689223.0187714915,0.00026827535132955,-98.24195111265928
690677.6090881904,0.00026827535132955,-99.42775502844008
692132.2922783671,0.00026827535132955,-100.6198515068133
693586.941505177,0.00026827535132955,-101.7815728150125
695041.7664052569,0.00026827535132955,-102.8764182804028
696496.3584098616,0.00026827535132955,-103.8673033960838
697951.0961596272,0.00026827535132955,-104.7177505382987
699405.8804327273,0.00026827535132955,-105.3914584278719
700860.7214911259,0.00026827535132955,-105.8537044622519
701640.7009691116,0.00026827535132955,-106.0032593103071
701700.7009689929,0.000268283836113668,-106.0117365600633
701873.1834616978,0.000268283836113668,-106.0336413467334
702302.5244111312,0.000268283836113668,-106.0720520087343
703291.9996145996,0.000268283836113668,-106.070291968912
704684.9640774191,0.000268283836113668,-105.8455597824758
706132.8349833959,0.000268283836113668,-105.3293322335647
707586.8644633913,0.000268283836113668,-104.5266503704988
709041.5843244991,0.000268283836113668,-103.4630235828967
710496.4642836247,0.000268283836113668,-102.1841179346769
711951.2307721074,0.000268283836113668,-100.7557842386227
713406.1381944339,0.000268283836113668,-99.25892910439889
714861.0565630021,0.000268283836113668,-97.78237733956716
716315.8377309213,0.000268283836113668,-96.41268992115019
717770.4812018783,0.000268283836113668,-95.22470377863776
719225.1234677271,0.000268283836113668,-94.27505447420131
720679.7189707286,0.000268283836113668,-93.59959562376656
722134.3122838531,0.000268283836113668,-93.2137905955351
723588.7884270866,0.000268283836113668,-93.11573350535663
725043.1940683513,0.000268283836113668,-93.29004395855081
726497.5529379677,0.000268283836113668,-93.7119346960679
727951.8296317197,0.000268283836113668,-94.35055653814263
729406.0615764814,0.000268283836113668,-95.17160527232721
730860.2594054304,0.000268283836113668,-96.13904441065884
732314.2712023342,0.000268283836113668,-97.2160594714877
733768.1592820329,0.000268283836113668,-98.36589204560492
735222.1359365503,0.000268283836113668,-99.55204889208945
736676.1666782317,0.000268283836113668,-100.7379486628905
738129.9857298145,0.000268283836113668,-101.8868176766053
739583.8526883745,0.000268283836113668,-102.9621956433434
741037.5590598327,0.000268283836113668,-103.9271519497313
742491.5137938922,0.000268283836113668,-104.7452455080563
743945.3306974028,0.000268283836113668,-105.3802016798321
745399.0293573006,0.000268283836113668,-105.7977839746372
746852.974714525,0.000268283836113668,-105.9672711514761
748306.767465896,0.000268283836113668,-105.8638737789
749760.6795704342,0.000268283836113668,-105.4723350744183
751214.4868956297,0.000268283836113668,-104.790932222507
752668.2870725286,0.000268283836113668,-103.8353182180248
754122.1556878765,0.000268283836113668,-102.6414663564608
755576.2137686019,0.000268283836113668,-101.2662210203586
757030.045081547,0.000268283836113668,-99.78504999539645
758484.1010607197,0.000268283836113668,-98.28405049851357
759938.1468018168,0.000268283836113668,-96.85222045993483
761392.1579625341,0.000268283836113668,-95.57071988607849
762846.226355515,0.000268283836113668,-94.50500981443645
764300.22327716,0.000268283836113668,-93.70055572138644
765754.3835255317,0.000268283836113668,-93.18162860652303
767208.5210208083,0.000268283836113668,-92.95376649162877
768662.7168795909,0.000268283836113668,-93.00712154236103
770116.8782117427,0.000268283836113668,-93.32066691246264
771571.1601147428,0.000268283836113668,-93.86594975397232
773025.4526286037,0.000268283836113668,-94.6099202512618
774479.9837435014,0.000268283836113668,-95.51727503627218
775934.442848945,0.000268283836113668,-96.55131706378228
777388.8518581633,0.000268283836113668,-97.67523223945109
778843.3562802617,0.000268283836113668,-98.85238697538424
780297.8895787499,0.000268283836113668,-100.046121256437
781752.4966880679,0.000268283836113668,-101.2199181907941
783207.1707057185,0.000268283836113668,-102.3371463348909
784661.7710961029,0.000268283836113668,-103.36094585146
786116.5522822528,0.000268283836113668,-104.254691580141
787571.3242625585,0.000268283836113668,-104.9817975068845
789026.02700321,0.000268283836113668,-105.5069782570785
790280.0903822179,0.000268283836113668,-105.7725645088572
790340.0903820992,0.0002682983858000685,-105.7805717703991
790510.5437027989,0.0002682983858000685,-105.8008945467013
791061.0274691717,0.0002682983858000685,-105.8416178820379
792329.6597165521,0.0002682983858000685,-105.7853055539013
793762.5316515681,0.0002682983858000685,-105.4595267902854
795214.8368110531,0.0002682983858000685,-104.8414748769567
796669.4095389568,0.0002682983858000685,-103.9437944839234
798124.2148866761,0.0002682983858000685,-102.7987312702686
799579.1382740135,0.0002682983858000685,-101.4590861600702
801033.9664483792,0.0002682983858000685,-99.99680762720681
802488.638858276,0.0002682983858000685,-98.49680824636988
803943.345017801,0.0002682983858000685,-97.04792369994071
805398.138252832,0.0002682983858000685,-95.73345889772047
806852.8311885428,0.0002682983858000685,-94.62273120264879
808307.4612477212,0.0002682983858000685,-93.76530681452047
809761.9576970581,0.0002682983858000685,-93.1897213823202
811216.3537354907,0.0002682983858000685,-92.90492457995443
812670.7744387211,0.0002682983858000685,-92.90382984307841
814125.2039728104,0.0002682983858000685,-93.16741103546659
815579.457498563,0.0002682983858000685,-93.66838339955154
817033.7118142052,0.0002682983858000685,-94.37449783537521
818487.8355582361,0.0002682983858000685,-95.25060930613634
819941.9667548267,0.0002682983858000685,-96.26043345094675
821396.2285569753,0.0002682983858000685,-97.36730763518386
822850.3575155977,0.0002682983858000685,-98.53427489676936
824304.3837341946,0.0002682983858000685,-99.72472212643471
825758.3471356658,0.0002682983858000685,-100.9021345410302
827212.2880603303,0.0002682983858000685,-102.0299555945248
828666.076307476,0.0002682983858000685,-103.0713767783769
830119.9917928549,0.0002682983858000685,-103.9898026441945
831574.0186671261,0.0002682983858000685,-104.7486287653407
833027.8038556106,0.0002682983858000685,-105.3121043712665
834481.6598022357,0.0002682983858000685,-105.6470659742499
835935.6378237368,0.0002682983858000685,-105.7244563249725
837389.5495963516,0.0002682983858000685,-105.5223952134383
838843.4122160194,0.0002682983858000685,-105.0298741393467
840297.4410510273,0.0002682983858000685,-104.2506397628542
841751.3597773737,0.0002682983858000685,-103.207324968888
843205.4038230213,0.0002682983858000685,-101.9431742701378
844659.3571052305,0.0002682983858000685,-100.5221643920875
846113.3414854528,0.0002682983858000685,-99.02416007467714
847567.2864764929,0.0002682983858000685,-97.53766779000777
849021.3158804225,0.0002682983858000685,-96.14972511847009
850475.3464973182,0.0002682983858000685,-94.93688341536368
851929.4970155577,0.0002682983858000685,-93.95792489047429
853383.6162251886,0.0002682983858000685,-93.25098225223591
854837.9233311047,0.0002682983858000685,-92.8334502120718
856292.1420338214,0.0002682983858000685,-92.70510420048173
857746.3271789602,0.0002682983858000685,-92.85171712119882
859200.4494447378,0.0002682983858000685,-93.2492486561833
860654.8124536523,0.0002682983858000685,-93.86745466547546
862109.0890483931,0.0002682983858000685,-94.6721538514214
863563.4037910611,0.0002682983858000685,-95.62745654581413
865017.7560027223,0.0002682983858000685,-96.696690929494
866472.2770973691,0.0002682983858000685,-97.8431624810908
867926.8318904098,0.0002682983858000685,-99.03007540980725
869381.3435937627,0.0002682983858000685,-100.2207855676797
870836.0210595187,0.0002682983858000685,-101.3788937532582
872290.6143537839,0.0002682983858000685,-102.4675308132399
873745.3699689475,0.0002682983858000685,-103.4500781928903
875200.000445859,0.0002682983858000685,-104.2896029288708
876654.6045920695,0.0002682983858000685,-104.9500314993811
878109.3370002578,0.0002682983858000685,-105.3968539570839
878931.2400403898,0.0002682983858000685,-105.5428091734564
878991.2400402711,0.0002683240284144856,-105.5502566572291
879161.7017436074,0.0002683240284144856,-105.5689777835603
879630.8373999316,0.0002683240284144856,-105.6016104819724
880749.6781437309,0.0002683240284144856,-105.5639578287704
882162.7518426161,0.0002683240284144856,-105.2747409083181
883612.8014335292,0.0002683240284144856,-104.6924750734558
885067.1274430468,0.0002683240284144856,-103.8276288736991
886521.9024829567,0.0002683240284144856,-102.7102471252901
887976.6696569743,0.0002683240284144856,-101.3908101250063
889431.5337293549,0.0002683240284144856,-99.9388818437946
890886.2452471163,0.0002683240284144856,-98.43838024356957
892341.0203448613,0.0002683240284144856,-96.97815653867423
893795.7544749021,0.0002683240284144856,-95.64288604363709
895250.3274102579,0.0002683240284144856,-94.50390719027058
896705.0131370081,0.0002683240284144856,-93.61318587146418
898159.5472423593,0.0002683240284144856,-93.00198071776602
899614.0568161849,0.0002683240284144856,-92.68145571361413
901068.3784135734,0.0002683240284144856,-92.64629884699077
902522.7663840051,0.0002683240284144856,-92.87868634248882
903977.2319591255,0.0002683240284144856,-93.35226421088584
905431.5835798625,0.0002683240284144856,-94.03516562919856
906885.8222812763,0.0002683240284144856,-94.89252515448941
908340.0650726399,0.0002683240284144856,-95.88813707490913
909794.1646884196,0.0002683240284144856,-96.9851377055561
911248.1513122679,0.0002683240284144856,-98.14676389459798
912702.2632940789,0.0002683240284144856,-99.33657153699043
914156.2517117593,0.0002683240284144856,-100.5178105291389
915610.2364525083,0.0002683240284144856,-101.654001593381
917064.2456644331,0.0002683240284144856,-102.7084583062358
918518.1384963566,0.0002683240284144856,-103.644286741821
919972.0768605592,0.0002683240284144856,-104.4249830966619
921426.0922061512,0.0002683240284144856,-105.0147755347496
922880.0119540421,0.0002683240284144856,-105.3799014534655
924333.8504740619,0.0002683240284144856,-105.4907187543795
925787.8222625703,0.0002683240284144856,-105.3243079529096
927241.8628720567,0.0002683240284144856,-104.8680237130591
928695.8207813907,0.0002683240284144856,-104.1237106963332
930149.8835464474,0.0002683240284144856,-103.1112988534804
931603.8476526272,0.0002683240284144856,-101.8717143639158
933057.9595376272,0.0002683240284144856,-100.4661656213893
934511.9092651759,0.0002683240284144856,-98.97327679749662
935965.9130886896,0.0002683240284144856,-97.48072522577175
937419.9406453525,0.0002683240284144856,-96.07639507374296
938873.9957915735,0.0002683240284144856,-94.83850927202941
940328.1327471603,0.0002683240284144856,-93.82832374423171
941782.2015707614,0.0002683240284144856,-93.08657494288345
943236.473118444,0.0002683240284144856,-92.63304701984488
944690.7178620575,0.0002683240284144856,-92.46953013432636
946144.9031847878,0.0002683240284144856,-92.5833072362166
947599.123041064,0.0002683240284144856,-92.95138056193865
949053.3807567204,0.0002683240284144856,-93.54402619634244
950507.7919325559,0.0002683240284144856,-94.32759885778953
951962.2516842443,0.0002683240284144856,-95.26628192837102
953416.5045433212,0.0002683240284144856,-96.32325123299263
954870.8554464625,0.0002683240284144856,-97.46190389213231
956325.1900485833,0.0002683240284144856,-98.64544687577276
957779.5930231456,0.0002683240284144856,-99.83736782585154
959233.9858979336,0.0002683240284144856,-101.0010515780721
960688.4009669535,0.0002683240284144856,-102.0998834336194
962142.8362022038,0.0002683240284144856,-103.097089510219
963597.239737201,0.0002683240284144856,-103.9558874695269
965051.7932688701,0.0002683240284144856,-104.6401049671181
966506.4295220655,0.0002683240284144856,-105.1148362881343
967600.7374380715,0.0002683240284144856,-105.3144564617102
967700.7374381879,-0.0002895282441749626,-105.3253802956125
967800.7374383044,-0.0002895282441749626,-105.3350548768378
967900.7374384208,-0.0002895282441749626,-105.3434726826787
968000.7374385372,-0.0002895282441749626,-105.350625716904
968100.7374386536,-0.0002895282441749626,-105.356506824477
968200.73743877,-0.0002895282441749626,-105.3611083882154
968260.7374386513,0.0002671403792896894,-105.3632966988833
968476.0538807139,0.0002671403792896894,-105.3673149957268
968536.0538805951,0.0002694453810698807,-105.3673598628454
968708.9412695146,0.0002694453810698807,-105.3648505864423
969276.7399273231,0.0002694453810698807,-105.3287221434251
970586.9554669946,0.0002694453810698807,-105.0784725799596
972024.6240193374,0.0002694453810698807,-104.5320972553419
973477.4394955952,0.0002694453810698807,-103.6987485535509
974932.0196474553,0.0002694453810698807,-102.6079133552358
976386.8116261438,0.0002694453810698807,-101.3080785546973
977841.5745213046,0.0002694453810698807,-99.8670829758951
979296.2778934278,0.0002694453810698807,-98.36742694693602
980751.0825383244,0.0002694453810698807,-96.89790484336436
982205.6779291132,0.0002694453810698807,-95.5443933961639
983660.2961487486,0.0002694453810698807,-94.37979500612953
985114.9202273344,0.0002694453810698807,-93.45866887647667
986569.5885890862,0.0002694453810698807,-92.81451266642218
988024.187044194,0.0002694453810698807,-92.46076531954546
989478.54966335,0.0002694453810698807,-92.39377704401447
990932.9163932009,0.0002694453810698807,-92.59690423777644
992387.3362861108,0.0002694453810698807,-93.04457827996377
993841.5985393105,0.0002694453810698807,-93.7053961443701
995295.9417887265,0.0002694453810698807,-94.54488010977545
996750.1683340757,0.0002694453810698807,-95.52676011192666
998204.258336965,0.0002694453810698807,-96.61426863745538
999658.4679718246,0.0002694453810698807,-97.77081889117672
1001112.59955283,0.0002694453810698807,-98.95960328742925
1002566.803081369,0.0002694453810698807,-100.1441856224809
1004020.82926759,0.0002694453810698807,-101.2877929716507
1005474.85530671,0.0002694453810698807,-102.3538826367602
1006928.834990971,0.0002694453810698807,-103.3056278793622
1008382.810318423,0.0002694453810698807,-104.1064001530525
1009836.788926763,0.0002694453810698807,-104.7202909435298
1011290.895818139,0.0002694453810698807,-105.1133058318356
1012744.972190168,0.0002694453810698807,-105.2550976506495
1014198.999359272,0.0002694453810698807,-105.1218115881225
1015653.030509572,0.0002694453810698807,-104.6994674397169
1017107.15346277,0.0002694453810698807,-103.9879367497432
1018561.309557699,0.0002694453810698807,-103.0049763970568
1020015.462110227,0.0002694453810698807,-101.7889494891019
1021469.519446639,0.0002694453810698807,-100.3991214499648
1022923.525715887,0.0002694453810698807,-98.91216001744301
1024377.651150338,0.0002694453810698807,-97.41514009251247
1025831.869773218,0.0002694453810698807,-95.99647230743062
1027285.896461725,0.0002694453810698807,-94.73618838616871
1028740.123685065,0.0002694453810698807,-93.6974462435449
1030194.164365274,0.0002694453810698807,-92.92359415290085
1031648.351533699,0.0002694453810698807,-92.43662212363367
1033102.455267403,0.0002694453810698807,-92.24020598698463
1034556.821363268,0.0002694453810698807,-92.32310059446074
1036011.138715746,0.0002694453810698807,-92.6633410286147
1037465.385247534,0.0002694453810698807,-93.23176618768471
1038919.74905231,0.0002694453810698807,-93.99507187603513
1040374.090094247,0.0002694453810698807,-94.9175740448715
1041828.45660093,0.0002694453810698807,-95.96272114467372
1043282.794146671,0.0002694453810698807,-97.0936606902999
1044737.283181481,0.0002694453810698807,-98.2738074274764
1046191.832128458,0.0002694453810698807,-99.4664901054784
1047646.210495115,0.0002694453810698807,-100.6349621619747
1049100.549289025,0.0002694453810698807,-101.7427073678001
1050555.084531906,0.0002694453810698807,-102.7531302755373
1052009.516415233,0.0002694453810698807,-103.6292397255346
1053463.944432093,0.0002694453810698807,-104.3347543092182
1054918.510519958,0.0002694453810698807,-104.8346590576015
1056372.945264867,0.0002694453810698807,-105.0966087432653
1057143.062390958,0.0002694453810698807,-105.1294161165665
1057243.062391074,-0.0002915928013032995,-105.1279583619503
1057343.06239119,-0.0002915928013032995,-105.1251835874353
1057443.062391307,-0.0002915928013032995,-105.1210862550915
1057543.062391423,-0.0002915928013032995,-105.1156604102621
1057643.06239154,-0.0002915928013032995,-105.108900996551
1057743.062391656,-0.0002915928013032995,-105.1008025533622
1057843.062391772,-0.0002915928013032995,-105.0913605300533
1057943.062391889,-0.0002915928013032995,-105.0805699856948
1058043.062392005,-0.0002915928013032995,-105.0684269015707
1058143.062392122,-0.0002915928013032995,-105.0549268807444
1058203.062392003,-0.0002750291771941848,-105.0461268808185
1058408.998157037,-0.0002750291771941848,-105.0121862580337
1059055.155221047,-0.0002750291771941848,-104.8678994152144
1060390.846388543,-0.0002750291771941848,-104.3871497878306
1061831.33463019,-0.0002750291771941848,-103.5989940305432
1063284.489547752,-0.0002750291771941848,-102.5437727747641
1064738.986985001,-0.0002750291771941848,-101.2706139031228
1066193.740586308,-0.0002750291771941848,-99.84512949315565
1067648.589835921,-0.0002750291771941848,-98.34825536139594
1069103.688855667,-0.0002750291771941848,-96.86855485306853
1070558.797595801,-0.0002750291771941848,-95.49311112569326
1072014.130066428,-0.0002750291771941848,-94.29734288431634
1073469.634151179,-0.0002750291771941848,-93.33901012877168
1074925.100363349,-0.0002750291771941848,-92.65496116820222
1076380.691916507,-0.0002750291771941848,-92.26135384635148
1077836.542950443,-0.0002750291771941848,-92.15689630768517
1079292.449392949,-0.0002750291771941848,-92.32672021453136
1080748.357092741,-0.0002750291771941848,-92.74626909088619
1082204.531490128,-0.0002750291771941848,-93.38495326631337
1083660.721358727,-0.0002750291771941848,-94.20843222482377
1085117.005821085,-0.0002750291771941848,-95.18070534231114
1086573.596315214,-0.0002750291771941848,-96.26522718343684
1088030.282426532,-0.0002750291771941848,-97.42504377415655
1089486.965617177,-0.0002750291771941848,-98.62337114955605
1090943.944368605,-0.0002750291771941848,-99.82387170473889
1092400.859760388,-0.0002750291771941848,-100.9896728684398
1093857.959961193,-0.0002750291771941848,-102.0842868260241
1095315.110774967,-0.0002750291771941848,-103.0707945096386
1096772.353309288,-0.0002750291771941848,-103.9124816659176
1098229.665191704,-0.0002750291771941848,-104.5732023826103
1099687.16711785,-0.0002750291771941848,-105.0185129457931
1101144.608979381,-0.0002750291771941848,-105.2172427127136
1102602.125384426,-0.0002750291771941848,-105.144248447542
1104059.516619472,-0.0002750291771941848,-104.783661012637
1105516.901557089,-0.0002750291771941848,-104.1328252574029
1106974.26964771,-0.0002750291771941848,-103.2063148984113
1108431.591063179,-0.0002750291771941848,-102.0389714984108
1109888.890910544,-0.0002750291771941848,-100.6865780434448
1111345.974059415,-0.0002750291771941848,-99.22344211097106
1112803.074786707,-0.0002750291771941848,-97.73534251910765
1114259.9366109,-0.0002750291771941848,-96.31127158726902
1115716.900908889,-0.0002750291771941848,-95.03254461641377
1117173.796350067,-0.0002750291771941848,-93.96578021242678
1118630.417202925,-0.0002750291771941848,-93.157548069748
1120086.713336036,-0.0002750291771941848,-92.63320499787614
1121542.959170498,-0.0002750291771941848,-92.3989637356873
1122998.97432765,-0.0002750291771941848,-92.44572833977428
1124455.081321963,-0.0002750291771941848,-92.75303687819786
1125910.889069445,-0.0002750291771941848,-93.29266395934914
1127366.420899658,-0.0002750291771941848,-94.03172702946868
1128822.055646859,-0.0002750291771941848,-94.93509614469079
1130277.426546731,-0.0002750291771941848,-95.96609966461431
1131732.735896821,-0.0002750291771941848,-97.0880862004433
1133187.828586448,-0.0002750291771941848,-98.26419907832076
1134642.756286589,-0.0002750291771941848,-99.45787489872313
1136097.701101529,-0.0002750291771941848,-100.6327252087467
1137552.461501607,-0.0002750291771941848,-101.7519887287573
1139007.061560068,-0.0002750291771941848,-102.7789675785394
1140461.514487525,-0.0002750291771941848,-103.67692133753
1141916.033511108,-0.0002750291771941848,-104.4095363412907
1143370.540655858,-0.0002750291771941848,-104.9414367665481
1144825.055506825,-0.0002750291771941848,-105.23983910443
1145227.76002076,-0.0002750291771941848,-105.277255918547
1145327.760020876,0.0002515902526885817,-105.2834414646245
