TIME_S			Altitude_KM		Velocity_KM_S
0			135			7.02162599858935
7.37374617278945e-09	134.999999987474	7.02162599859544
1.47474923455789e-08	134.999999974949	7.02162599860154
2.21212385183683e-08	134.999999962423	7.02162599860763
2.94949846911578e-08	134.999999949897	7.02162599861373
6.63637155551050e-08	134.999999887269	7.02162599864420
1.03232446419052e-07	134.999999824640	7.02162599867468
1.40101177282999e-07	134.999999762012	7.02162599870515
1.76969908146947e-07	134.999999699384	7.02162599873563
3.61313562466683e-07	134.999999386242	7.02162599888800
5.45657216786419e-07	134.999999073100	7.02162599904038
7.30000871106155e-07	134.999998759958	7.02162599919276
9.14344525425891e-07	134.999998446816	7.02162599934514
1.83606279702457e-06	134.999996881107	7.02162600010702
2.75778106862325e-06	134.999995315398	7.02162600086891
3.67949934022193e-06	134.999993749689	7.02162600163079
4.60121761182061e-06	134.999992183980	7.02162600239268
9.20980896981402e-06	134.999984355435	7.02162600620210
1.38184003278074e-05	134.999976526890	7.02162601001153
1.84269916858008e-05	134.999968698346	7.02162601382096
2.30355830437942e-05	134.999960869802	7.02162601763038
4.60785398337612e-05	134.999921727085	7.02162603667751
6.91214966237283e-05	134.999882584374	7.02162605572464
9.21644534136953e-05	134.999843441669	7.02162607477176
0.000115207410203662	134.999804298971	7.02162609381888
0.000230422194153497	134.999608585577	7.02162618905443
0.000345636978103332	134.999412872342	7.02162628428990
0.000460851762053168	134.999217159268	7.02162637952528
0.000576066546003003	134.999021446352	7.02162647476057
0.00115214046575218	134.998042884168	7.02162695093579
0.00172821438550135	134.997064325974	7.02162742710889
0.00230428830525053	134.996085771769	7.02162790327988
0.00288036222499970	134.995107221553	7.02162837944877
0.00576073182374558	134.990214530315	7.02163076026155
0.00864110142249146	134.985321938811	7.02163314102159
0.0115214710212373	134.980429447042	7.02163552172888
0.0144018406199832	134.975537055009	7.02163790238342
0.0288036886137126	134.951076590895	7.02164980486468
0.0432055366074420	134.926618620251	7.02166170602646
0.0576073846011714	134.902163143145	7.02167360586816
0.0720092325949008	134.877710159646	7.02168550438918
0.144018472563548	134.755482648640	7.02174497716355
0.216027712532195	134.633317488043	7.02180441683211
0.288036952500842	134.511214686387	7.02186382331997
0.360046192469489	134.389174252203	7.02192319655158
0.720092392312723	133.779907891807	7.02221956117280
1.08013859215596	133.172201996702	7.02251508266809
1.44018479199919	132.566057631038	7.02280975081069
1.80023099184243	131.961475857766	7.02310355491230
3.60046199105860	128.962043010316	7.02455919708725
5.40069299027477	126.001833748691	7.02599134550069
7.20092398949095	123.080979762041	7.02739797990870
9.00115498870712	120.199612224763	7.02877657457294
18.0023099847880	106.390061261653	7.03492551744539
27.0034649808689	93.5869493560260	7.03976009722704
36.0046199769497	81.8078419503504	7.04062783573419
45.0057749730306	71.0742574392581	7.03129198475710
55.2574762289213	60.1501353819426	6.99389490197171
65.5091774848121	50.6823551868871	6.88711859174820
75.7608787407028	42.7361536521660	6.66288034364679
86.0125799965936	36.3351210906077	6.27748447614113
93.6653824638789	32.5478135810797	5.87330396402011
101.318184931164	29.5403696371848	5.40261287370162
108.970987398450	27.2149439643142	4.90312202418596
116.623789865735	25.4482252581250	4.41072236414728
124.276592333020	24.1151677544191	3.95442550613793
131.929394800306	23.1162810921581	3.54696710477147
139.582197267591	22.3642428208920	3.19233537687255
147.234999734876	21.7940708321119	2.88635334967027
154.563903640382	21.3732531225043	2.63235980853114
161.892807545887	21.0399406413343	2.41265736092827
169.221711451393	20.7686243330846	2.22204780158678
176.550615356898	20.5389045252674	2.05594389426101
185.705176574980	20.2872149930429	1.87685278062917
194.859737793062	20.0565917305294	1.72352066988496
204.014299011144	19.8316632026923	1.59095497045252
213.168860229226	19.5991235417333	1.47520442911339
222.006296475378	19.3582457569889	1.37656307739065
230.843732721530	19.0963050024752	1.28859283291717
239.681168967682	18.8088960846476	1.20954409829589
248.518605213834	18.4921192735583	1.13800532288900
259.956709964521	18.0335270962804	1.05475941649922
271.394814715207	17.5174311767202	0.980299149432615
282.832919465894	16.9416090416671	0.913102011788589
294.271024216580	16.3035995503957	0.851983438877512
308.565434860736	15.4161029204484	0.782778224112112
322.859845504892	14.4309006572124	0.720236596397090
337.154256149048	13.3507432200150	0.663277682445258
351.448666793204	12.1766346658934	0.611113950809583
368.477102144432	10.6566933597759	0.554432674245012
385.505537495660	9.01688892958965	0.502902064487497
402.533972846889	7.26869552074140	0.455944895332168
419.562408198117	5.41787330904836	0.413228000921501
438.108946406651	3.28854453135142	0.371215465027410
456.655484615185	1.06291348341107	0.333545798170404
475.202022823718	-1.24043611769425	0.299980936474753
493.748561032252	-3.61813805272384	0.270311523148254
506.444328608656	-5.28868783720816	0.252073337805142
519.140096185060	-6.98555319108954	0.235365144483727
531.835863761463	-8.70322262134589	0.220081892411971
544.531631337867	-10.4387783327475	0.206043113508312
557.227398914271	-12.1904312199811	0.192967555747308
569.923166490675	-13.9464469052833	0.180896651249440
582.618934067079	-15.6958942816081	0.169831769484807
595.314701643482	-17.4344546732646	0.159446779010065
606.312487740045	-18.9271321395738	0.150756395738411
617.310273836608	-20.3947254063874	0.142537251770211
628.308059933170	-21.8279989463412	0.134822121443053
639.305846029733	-23.2202491679932	0.127450176051309
649.695798912237	-24.4903199620917	0.120723098787218
660.085751794740	-25.7066780061508	0.114278551987945
670.475704677243	-26.8609576608008	0.108062204995537
680.865657559747	-27.9437024171315	0.102069001142170
686.837934256732	-28.5298235329469	0.0987282745376312
692.810210953717	-29.0874634289718	0.0954244562871868
698.782487650703	-29.6148503500000	0.0921335493086034
704.754764347688	-30.1099084357354	0.0888617368287354
710.727041044674	-30.5705258994913	0.0856220978389607
716.699317741659	-30.9951127103260	0.0823514786012903
722.671594438644	-31.3819371878682	0.0790038079668961
728.643871135630	-31.7289871519180	0.0755856274356858
734.881557553299	-32.0470062019434	0.0719509524011760
741.119243970969	-32.3180563487341	0.0681247558111095
747.356930388639	-32.5406923911567	0.0640028112524504
753.594616806309	-32.7138436469534	0.0595498350000013
759.305868291253	-32.8287664750405	0.0551171461478808
765.017119776198	-32.9020235540792	0.0501619497583839
770.728371261142	-32.9349823754546	0.0444737598458674
776.439622746087	-32.9312856732053	0.0377704943447268
778.454424762737	-32.9222750670277	0.0350906373267986
780.469226779388	-32.9097972314977	0.0321984842149315
782.484028796038	-32.8943700202191	0.0290559958701837
784.498830812688	-32.8766566606415	0.0256127605911093
786.058329014983	-32.8619048033655	0.0226976736798112
787.617827217277	-32.8467889931332	0.0195257653344721
789.177325419571	-32.8319822957558	0.0160429569614152
790.736823621866	-32.8183597538830	0.0121640716131339
791.256597654209	-32.8142700553103	0.0107637564474061
791.776371686552	-32.8104976653615	0.00930076259806468
792.296145718895	-32.8071096597808	0.00776747252294071
792.815919751238	-32.8041849453785	0.00615371035760343
792.969730324805	-32.8034215070051	0.00565894039687145
793.123540898372	-32.8027096471395	0.00515564536253499
793.277351471939	-32.8020524223223	0.00464339367901058
793.431162045506	-32.8014531315020	0.00412171306562861
793.584972619072	-32.8009153472763	0.00359011022836975
793.738783192639	-32.8004429645287	0.00304801745758721
793.892593766206	-32.8000402845261	0.00249496650838111
794.046404339773	-32.7997120579858	0.00193068405321879
794.101340203239	-32.7996138508688	0.00172642394122196
794.156276066706	-32.7995260596434	0.00152079626633971
794.211211930172	-32.7994489440341	0.00131391004603179
794.266147793639	-32.7993827675129	0.00110596728236556
794.321083657105	-32.7993277982827	0.000897686571042786
794.376019520572	-32.7992842781502	0.000688890651094267
794.430955384038	-32.7992523565432	0.000480930557783433
794.485891247505	-32.7992320798798	0.000278388099369517
794.495839478117	-32.7992296451619	0.000242885068371437
794.505787708730	-32.7992275756812	0.000207986872287603
794.515735939343	-32.7992258631205	0.000173887579428830
794.525684169956	-32.7992244960973	0.000140876856114653
794.535632400569	-32.7992234581760	0.000109432047018443
794.545580631182	-32.7992227290669	8.01126719030862e-05
794.555528861795	-32.7992222754532	5.43299635224363e-05
794.565477092408	-32.7992220455394	3.47306283549327e-05
794.568660695674	-32.7992220084644	3.04014797388956e-05
794.571844298939	-32.7992219854356	2.73789583124811e-05
794.575027902205	-32.7992219747622	2.58431958237750e-05
794.578211505471	-32.7992219752502	2.58908716572219e-05
794.581395108737	-32.7992219865797	2.75212303056026e-05
794.584578712003	-32.7992220103634	3.06246797939414e-05
794.587762315268	-32.7992220486193	3.50339097961979e-05
794.590945918534	-32.7992221032865	4.05307490061077e-05
794.594980709762	-32.7992221996649	4.87364765731244e-05
794.599015500990	-32.7992223307779	5.80723099395800e-05
794.603050292217	-32.7992225006386	6.82992070565417e-05
794.607085083445	-32.7992227127412	7.92324002969699e-05
794.614331541806	-32.7992232088274	0.000100237661296415
794.621578000166	-32.7992238636487	0.000122586200809389
794.628824458527	-32.7992246874729	0.000145918875872737
794.636070916887	-32.7992256882191	0.000169996374610029
794.650522990136	-32.7992282349696	0.000219664490596058
794.664975063384	-32.7992315406883	0.000270904109463604
794.679427136632	-32.7992356268927	0.000323201409831988
794.693879209881	-32.7992405073983	0.000376236260139544
794.735390543058	-32.7992590029235	0.000531108012883764
794.776901876235	-32.7992841715836	0.000688083384294753
794.818413209412	-32.7993159910408	0.000845819890575022
794.859924542590	-32.7993543772353	0.00100356009841125
794.929457185123	-32.7994330843776	0.00126700231366619
794.998989827656	-32.7995294038085	0.00152882976951971
795.068522470189	-32.7996428040867	0.00178858662612337
795.138055112722	-32.7997727495660	0.00204602987394690
795.275168674705	-32.8000754569368	0.00254662988384523
795.412282236687	-32.8004368209965	0.00303786383251335
795.549395798670	-32.8008534619994	0.00351989686805146
795.686509360652	-32.8013222006401	0.00399294917851357
795.941269413878	-32.8023215761427	0.00484903169929386
796.196029467104	-32.8034743962451	0.00567704039599271
796.450789520330	-32.8047659687423	0.00647864244226153
796.705549573557	-32.8061828240212	0.00725516373246209
797.169661133763	-32.8090468479041	0.00860892925313987
797.633772693969	-32.8122240862781	0.00988898173346339
798.097884254175	-32.8156592550180	0.0110999695860502
798.561995814381	-32.8193023662181	0.0122454702905174
799.369209443639	-32.8260048282705	0.0140901426859964
800.176423072897	-32.8330097592664	0.0157579278221774
800.983636702155	-32.8401495040841	0.0172590389371416
801.790850331412	-32.8472757914253	0.0186018131787552
803.092975386851	-32.8584282578807	0.0204518293576510
804.395100442290	-32.8688035760210	0.0219335774243846
805.697225497729	-32.8780645224857	0.0230690119975310
806.999350553168	-32.8859374923827	0.0238777112586491
808.862270831144	-32.8944069269621	0.0245004994759826
810.725191109119	-32.8992867460819	0.0245286389524353
812.588111387095	-32.9004216874805	0.0239903312306958
814.451031665071	-32.8978541310616	0.0229048392773080
816.793769347094	-32.8898394172047	0.0207525551224447
819.136507029116	-32.8773169109128	0.0177178741564364
821.479244711139	-32.8621056935415	0.0136860998807211
823.821982393162	-32.8473150959667	0.00836073550365576
824.119902552086	-32.8456792712230	0.00756773564693315
824.417822711010	-32.8441452093492	0.00674295294825267
824.715742869934	-32.8427308991770	0.00588378636981024
825.013663028859	-32.8414567607404	0.00498698418912616
825.311583187783	-32.8403462753086	0.00404843930902525
825.609503346707	-32.8394268598813	0.00306287003533573
825.907423505631	-32.8387329164348	0.00202475222433215
826.205343664556	-32.8383071868713	0.000928531715963266
826.244749742342	-32.8382736369208	0.000779219672779625
826.284155820129	-32.8382458966337	0.000629447087531174
826.323561897915	-32.8382240716568	0.000479768421410626
826.362967975701	-32.8382082406418	0.000331495363909366
826.375202600179	-32.8382045509336	0.000286083145205887
826.387437224657	-32.8382014366332	0.000241170925646169
826.399671849135	-32.8381988907009	0.000196985490196987
826.411906473612	-32.8381969014984	0.000153896867197383
826.419998961408	-32.8381958830482	0.000126291783443238
826.428091449203	-32.8381950921514	9.96558119399539e-05
826.436183936998	-32.8381945161815	7.44656629107052e-05
826.444276424793	-32.8381941365469	5.16054687097333e-05
826.452368912588	-32.8381939536217	3.24128355625479e-05
826.460461400384	-32.8381938669300	2.14440363103663e-05
826.468553888179	-32.8381938000317	2.13655791176103e-05
826.476646375974	-32.8381938070166	3.03757178667367e-05
826.483606093949	-32.8381939324341	4.29399397462590e-05
826.490565811925	-32.8381941561950	5.96488299924294e-05
826.497525529900	-32.8381944976388	7.93327019198701e-05
826.504485247875	-32.8381949814730	0.000100510231770200
826.510061378530	-32.8381954830587	0.000117962615166185
826.515637509184	-32.8381960858996	0.000136009208384001
826.521213639839	-32.8381967936908	0.000154530612939100
826.526789770494	-32.8381976094265	0.000173438237002549
826.542548537453	-32.8382005181732	0.000228439105599636
826.558307304413	-32.8382043440612	0.000285093067323038
826.574066071373	-32.8382091100286	0.000342810103197658
826.589824838333	-32.8382148294263	0.000401234340671343
826.660718076946	-32.8382523183236	0.000667801881095413
826.731611315558	-32.8383092923998	0.000937588107117867
826.802504554171	-32.8383855417450	0.00120789231084822
826.873397792784	-32.8384800281879	0.00147564227587270
826.963373385456	-32.8386247803322	0.00181036685458395
827.053348978129	-32.8387966577336	0.00214084532523593
827.143324570802	-32.8389945019400	0.00246695906232434
827.233300163475	-32.8392172064716	0.00278869451707001
827.417476943805	-32.8397462550299	0.00343392064967927
827.601653724135	-32.8403671815624	0.00406197349971951
827.785830504465	-32.8410728163943	0.00467373947091000
827.970007284795	-32.8418565332694	0.00526996088988521
828.304351257214	-32.8434595475276	0.00631475504441729
828.638695229633	-32.8452694292604	0.00731421316276609
828.973039202052	-32.8472587935799	0.00827130611203139
829.307383174470	-32.8494027664298	0.00918833197841480
829.904338964825	-32.8535466899402	0.0107317056654543
830.501294755179	-32.8580070366287	0.0121620543377129
831.098250545534	-32.8626909512351	0.0134863921180254
831.695206335888	-32.8675153988767	0.0147102062359319
832.698013214405	-32.8757402762719	0.0165518486493918
833.700820092922	-32.8838819365664	0.0181399898392979
834.703626971439	-32.8917065261137	0.0194893435002745
835.706433849955	-32.8990139237023	0.0206124369095548
837.238209764990	-32.9088206752255	0.0219155651391637
838.769985680026	-32.9166357503766	0.0227482157619973
840.301761595060	-32.9221650470900	0.0231369864229702
841.833537510095	-32.9252208853485	0.0231044034946636
843.877386822991	-32.9253608692130	0.0224328654538220
845.921236135887	-32.9211132305390	0.0210583784556849
847.965085448783	-32.9129420455270	0.0189703006239203
850.008934761678	-32.9017482834761	0.0161272292770337
851.030905737173	-32.8954256215021	0.0143952581790187
852.052876712667	-32.8889187650802	0.0124323426971308
853.074847688161	-32.8825457842560	0.0102092791022323
854.096818663656	-32.8767187064500	0.00767634202913633
854.447720800429	-32.8749355667750	0.00672286850508532
854.798622937202	-32.8733095414164	0.00572070930901755
855.149525073975	-32.8718749112054	0.00466456545974016
855.500427210749	-32.8706722054193	0.00354697529459405
855.610088516255	-32.8703512732945	0.00318366578052089
855.719749821760	-32.8700594901545	0.00281311697811440
855.829411127266	-32.8697987788213	0.00243495803537002
855.939072432772	-32.8695712426398	0.00204879825581895
856.048733738278	-32.8693792325184	0.00165502477463725
856.158395043784	-32.8692252569217	0.00125169811836032
856.268056349290	-32.8691120768772	0.000839050842716252
856.377717654796	-32.8690428346894	0.000422819568107739
856.390542277915	-32.8690377583997	0.000374413375054757
856.403366901033	-32.8690333198556	0.000326249797964901
856.416191524152	-32.8690295181712	0.000278449353740962
856.429016147271	-32.8690263500311	0.000231192268778818
856.441840770389	-32.8690238086334	0.000184871587652459
856.454665393508	-32.8690218819818	0.000139639769482192
856.467490016627	-32.8690205433578	9.63248827395320e-05
856.480314639745	-32.8690197476605	5.70402467444134e-05
856.483258100908	-32.8690196347944	4.89454314709705e-05
856.486201562070	-32.8690195447993	4.13686175704056e-05
856.489145023233	-32.8690194758186	3.44499632146688e-05
856.492088484395	-32.8690194256194	2.83753859704577e-05
856.495031945558	-32.8690193916126	2.33699434174326e-05
856.497975406720	-32.8690193711235	1.97830899653868e-05
856.500918867883	-32.8690193619458	1.79266495443024e-05
856.503862329045	-32.8690193624534	1.79857681812182e-05
856.506229175953	-32.8690193695384	1.94406170799913e-05
856.508596022862	-32.8690193837625	2.20422666127662e-05
856.510962869770	-32.8690194064276	2.56412630045242e-05
856.513329716678	-32.8690194387021	3.00472703953191e-05
856.516135188732	-32.8690194911896	3.60802624982310e-05
856.518940660786	-32.8690195612637	4.28334489138790e-05
856.521746132840	-32.8690196507718	5.01555915959089e-05
856.524551604894	-32.8690197613048	5.79313958862066e-05
856.529902573912	-32.8690200351058	7.37342128734051e-05
856.535253542930	-32.8690203972789	9.05048776264641e-05
856.540604511949	-32.8690208532955	0.000107977514298680
856.545955480967	-32.8690214073188	0.000125977214053624
856.556669534191	-32.8690228229915	0.000163183889757419
856.567383587414	-32.8690246601827	0.000201493152163434
856.578097640638	-32.8690269296905	0.000240534535888933
856.588811693861	-32.8690296381884	0.000280078712431533
856.624106825786	-32.8690416970961	0.000412381905029770
856.659401957712	-32.8690585784609	0.000546295539996692
856.694697089637	-32.8690802430799	0.000680589286132244
856.729992221563	-32.8691065919092	0.000814534964378768
856.783087150169	-32.8691548088114	0.00101486990168212
856.836182078774	-32.8692130540716	0.00121354374647286
856.889277007380	-32.8692809877270	0.00141032402614553
856.942371935986	-32.8693582755076	0.00160509765364713
857.049611978111	-32.8695416017114	0.00199230635088400
857.156852020236	-32.8697593920864	0.00237140684718621
857.264092062362	-32.8700094597512	0.00274268086174409
857.371332104487	-32.8702897635549	0.00310640730640332
857.568844175306	-32.8708789768489	0.00375755617649030
857.766356246125	-32.8715543896742	0.00438594498903950
857.963868316944	-32.8723070024415	0.00499311092142638
858.161380387764	-32.8731286113253	0.00558026875642906
858.520376564323	-32.8747750597252	0.00659946830006671
858.879372740883	-32.8765879764063	0.00756102991278721
859.238368917442	-32.8785345576108	0.00846904805289505
859.597365094002	-32.8805853441623	0.00932667422627367
860.221650697434	-32.8843243322205	0.0107053218436601
860.845936300866	-32.8881886171848	0.0119498961348292
861.470221904298	-32.8920819023964	0.0130689693013202
862.094507507731	-32.8959198504896	0.0140693095837904
863.111265371012	-32.9018720467384	0.0154582660826124
864.128023234293	-32.9072529448480	0.0165658686474674
865.144781097574	-32.9118732054173	0.0174076278037857
866.161538960854	-32.9155832680403	0.0179963497138831
867.651835344560	-32.9191705918494	0.0184231551781115
869.142131728265	-32.9204104678147	0.0183504290277299
870.632428111971	-32.9192679601042	0.0177904166910456
872.122724495676	-32.9158560837661	0.0167470446112641
873.174162804193	-32.9122242848529	0.0157153583609834
874.225601112710	-32.9077398549318	0.0144291289187059
875.277039421228	-32.9026067123236	0.0128729273680932
876.328477729745	-32.8970988487448	0.0110218045280911
876.776554510720	-32.8947214468955	0.0101348627033104
877.224631291695	-32.8923741160897	0.00918403820707656
877.672708072670	-32.8900971366405	0.00816441838399194
878.120784853645	-32.8879374163947	0.00706960551559186
878.568861634620	-32.8859496045541	0.00588853525422138
879.016938415595	-32.8842007110487	0.00461573666560508
879.465015196571	-32.8827783191754	0.00323790635867608
879.913091977546	-32.8817928971811	0.00172283161520629
879.997596020644	-32.8816671438725	0.00141853484172599
880.082100063742	-32.8815640256642	0.00110800603605719
880.166604106840	-32.8814850236150	0.000791463441489120
880.251108149938	-32.8814317712868	0.000471054752691824
880.268185219372	-32.8814242885937	0.000406217361461094
880.285262288806	-32.8814179304615	0.000341565004190522
880.302339358240	-32.8814127016026	0.000277317025614663
880.319416427673	-32.8814086009967	0.000213859776061137
880.325957215441	-32.8814073276105	0.000189883151720450
880.332498003208	-32.8814062169376	0.000166166052624920
880.339038790975	-32.8814052669606	0.000142787647119248
880.345579578742	-32.8814044748317	0.000119860641986355
880.352120366510	-32.8814038365148	9.75706678452955e-05
880.358661154277	-32.8814033466075	7.60992559946307e-05
880.365201942044	-32.8814029963133	5.58763228158641e-05
880.371742729812	-32.8814027724732	3.77293910249998e-05
880.374664229491	-32.8814027085891	3.06184537345728e-05
880.377585729171	-32.8814026637659	2.44350095000303e-05
880.380507228850	-32.8814026353224	1.95174875126628e-05
880.383428728529	-32.8814026200860	1.62538101714413e-05
880.386350228209	-32.8814026135621	1.50609431571495e-05
880.389271727888	-32.8814026187928	1.61563432192503e-05
880.392193227567	-32.8814026388298	1.93958778750020e-05
880.395114727247	-32.8814026704421	2.42755327859178e-05
880.397606608010	-32.8814027061369	2.93358119202082e-05
880.400098488773	-32.8814027550849	3.51125574647988e-05
880.402590369537	-32.8814028188544	4.14508634546604e-05
880.405082250300	-32.8814028988071	4.82314308193236e-05
880.409420620338	-32.8814030799200	6.08495173835053e-05
880.413758990376	-32.8814033181109	7.42571128669747e-05
880.418097360414	-32.8814036170016	8.82449323844160e-05
880.422435730452	-32.8814039793890	0.000102673026037722
880.431190199918	-32.8814049122138	0.000132781766538758
880.439944669383	-32.8814061237541	0.000163841480486917
880.448699138848	-32.8814076218768	0.000195540105736865
880.457453608313	-32.8814094116152	0.000227683504011617
880.482784687401	-32.8814162547053	0.000322233353661055
880.508115766490	-32.8814255829081	0.000418058288399533
880.533446845578	-32.8814373870874	0.000514335734275656
880.558777924667	-32.8814516348098	0.000610601439707039
880.600885973751	-32.8814806125234	0.000770131149435882
880.642994022834	-32.8815160408672	0.000928669054334198
880.685102071918	-32.8815577240619	0.00108594834053270
880.727210121002	-32.8816054652687	0.00124182834054917
880.810412088102	-32.8817168658189	0.00154556584353161
880.893614055202	-32.8818498258502	0.00184365934753424
880.976816022303	-32.8820031023719	0.00213623193214253
881.060017989403	-32.8821755282818	0.00242343674590162
881.214641618035	-32.8825432096920	0.00294358020530575
881.369265246667	-32.8829673624448	0.00344711855329814
881.523888875299	-32.8834426291860	0.00393514907544515
881.678512503931	-32.8839641140304	0.00440855107709369
881.961093200789	-32.8850222911485	0.00523832107310459
882.243673897646	-32.8861974605820	0.00602561589932500
882.526254594504	-32.8874695730717	0.00677356346917817
882.808835291362	-32.8888205912663	0.00748457439763420
883.305655246429	-32.8913397735101	0.00865077915963194
883.802475201496	-32.8939825309529	0.00971726237691118
884.299295156563	-32.8966871161028	0.0106907797319606
884.796115111630	-32.8993991355090	0.0115765847360113
885.621559213947	-32.9037989523197	0.0128654097839992
886.447003316264	-32.9079248558804	0.0139389703236535
887.272447418581	-32.9116400726428	0.0148095324900861
888.097891520898	-32.9148325375873	0.0154869632314292
889.349413395496	-32.9184952079058	0.0161629345033799
890.600935270094	-32.9205820851699	0.0164325675679222
891.852457144692	-32.9209991897601	0.0163087997870478
893.103979019290	-32.9197423535646	0.0157992868234687
894.775050354224	-32.9156567940423	0.0145041620268765
896.446121689158	-32.9092288977769	0.0125010514101764
898.117193024093	-32.9014065779378	0.00971107651464738
899.788264359027	-32.8938144341037	0.00593047196523177
900.173203586830	-32.8923376391502	0.00488186545905066
900.558142814633	-32.8910608971529	0.00375435095304369
900.943082042436	-32.8900520140934	0.00253697684717850
901.328021270239	-32.8893965627416	0.00119884554858349
901.364182290817	-32.8893568455260	0.00106546605150136
901.400343311394	-32.8893215305586	0.000930956773248563
901.436504331972	-32.8892907495312	0.000795379255484140
901.472665352550	-32.8892646379378	0.000658863996053558
901.508826373127	-32.8892433410580	0.000522364031606378
901.544987393705	-32.8892269801009	0.000384836674937028
901.581148414282	-32.8892156241918	0.000247259048509898
901.617309434860	-32.8892092983052	0.000115659599138386
901.622351175199	-32.8892088119639	9.83919288186787e-05
901.627392915539	-32.8892084146221	8.16038743515083e-05
901.632434655878	-32.8892081026705	6.54702644142492e-05
901.637476396217	-32.8892078711623	5.02700106654044e-05
901.640642569568	-32.8892077639638	4.13809330855277e-05
901.643808742919	-32.8892076836666	3.31915884447368e-05
901.646974916270	-32.8892076274944	2.59669460231041e-05
901.650141089620	-32.8892075918638	2.00808682276461e-05
901.653307262971	-32.8892075725053	1.60825586877107e-05
901.656473436322	-32.8892075663991	1.45443637803742e-05
901.659639609673	-32.8892075719461	1.56285338998490e-05
901.662805783024	-32.8892075885013	1.90599914675409e-05
901.665453230743	-32.8892076126346	2.33773390795445e-05
901.668100678462	-32.8892076496696	2.87821034242987e-05
901.670748126182	-32.8892077017962	3.50249926694415e-05
901.673395573901	-32.8892077709972	4.18887190693569e-05
901.676675609230	-32.8892078828202	5.10354346995992e-05
901.679955644558	-32.8892080256688	6.07525029995059e-05
901.683235679887	-32.8892082015271	7.09092686707399e-05
901.686515715215	-32.8892084119967	8.14129073512239e-05
901.693682334017	-32.8892089982186	0.000105276200118646
901.700848952819	-32.8892097650939	0.000130057497432219
901.708015571621	-32.8892107192492	0.000155469274525311
901.715182190423	-32.8892118652104	0.000181331290506731
901.732540189389	-32.8892154518319	0.000245227079948065
901.749898188355	-32.8892202001633	0.000310233378556920
901.767256187320	-32.8892261165418	0.000375812438489667
901.784614186286	-32.8892331977915	0.000441655184532209
901.819122560491	-32.8892506974568	0.000572778722790531
901.853630934695	-32.8892726727291	0.000703666648997610
901.888139308900	-32.8892990182834	0.000833930143906393
901.922647683104	-32.8893296203166	0.000963351847973405
901.987553237613	-32.8893983085058	0.00120421500297302
902.052458792121	-32.8894809385580	0.00144157813371924
902.117364346630	-32.8895768401711	0.00167538836310491
902.182269901138	-32.8896853749282	0.00190566574110226
902.305083082082	-32.8899232222191	0.00233203392693721
902.427896263026	-32.8902006439422	0.00274678531443813
902.550709443970	-32.8905144482623	0.00315059930837205
902.673522624914	-32.8908616993115	0.00354404087695340
902.899579076699	-32.8915795601676	0.00424276724492964
903.125635528485	-32.8923876720648	0.00491083035262724
903.351691980270	-32.8932735322085	0.00555048771106712
903.577748432055	-32.8942258404205	0.00616348936342027
903.980871153230	-32.8960581487059	0.00719480394251500
904.383993874404	-32.8980226374096	0.00815242567888377
904.787116595578	-32.9000780132995	0.00904158375750923
905.190239316753	-32.9021875885255	0.00986631411226863
905.874977785968	-32.9058072044132	0.0111283444543765
906.559716255183	-32.9093671736494	0.0122262806277824
907.244454724398	-32.9127625117581	0.0131701465824552
907.929193193613	-32.9159039778742	0.0139678990070579
909.005544553389	-32.9201614879444	0.0149415683939206
910.081895913166	-32.9234184065745	0.0155888142758981
911.158247272942	-32.9255359176705	0.0159239174570848
912.234598632719	-32.9264292788138	0.0159576547762941
913.737755629245	-32.9256026039128	0.0155116992694829
915.240912625770	-32.9224521608511	0.0144922312861492
916.744069622296	-32.9173036289797	0.0128785703318586
918.247226618822	-32.9107687434503	0.0106237635675692
918.691905320978	-32.9086956928228	0.00982264620356667
919.136584023135	-32.9066124766557	0.00895373165253397
919.581262725292	-32.9045575687653	0.00801221319269871
920.025941427448	-32.9025760597154	0.00699178894923217
920.470620129605	-32.9007207321380	0.00588173427233362
920.915298831761	-32.8990563822920	0.00467617841932743
921.359977533918	-32.8976679199426	0.00336141535496010
921.804656236075	-32.8966627031271	0.00190565416888499
921.883690507921	-32.8965341206412	0.00162894314990726
921.962724779767	-32.8964236204298	0.00134646329333079
922.041759051613	-32.8963324376084	0.00105805800850188
922.120793323459	-32.8962619397766	0.000763873433797190
922.147369446419	-32.8962431393736	0.000663755510985648
922.173945569379	-32.8962269045385	0.000563139787027352
922.200521692339	-32.8962132919435	0.000462188454775673
922.227097815298	-32.8962023548773	0.000361214149672324
922.237456225868	-32.8961988269850	0.000321955255700406
922.247814636437	-32.8961957141780	0.000282822368457625
922.258173047007	-32.8961930172569	0.000243892480856956
922.268531457577	-32.8961907358184	0.000205278966462698
922.278889868146	-32.8961888677413	0.000167203808851656
922.289248278716	-32.8961874083024	0.000129801600095056
922.299606689285	-32.8961863458101	9.35542169504986e-05
922.309965099855	-32.8961856599315	5.95732761266524e-05
922.313137510587	-32.8961855204920	4.98934076971667e-05
922.316309921320	-32.8961854112707	4.07260742314914e-05
922.319482332052	-32.8961853300096	3.22544443902146e-05
922.322654742785	-32.8961852737498	2.47548974734511e-05
922.324828205686	-32.8961852477421	2.03660519050600e-05
922.327001668587	-32.8961852303594	1.68230789780557e-05
922.329175131488	-32.8961852202537	1.43626002553232e-05
922.331348594389	-32.8961852161065	1.31934789919801e-05
922.333522057290	-32.8961852166592	1.34530931440799e-05
922.335695520191	-32.8961852231417	1.51338259881635e-05
922.337868983092	-32.8961852370054	1.80911968280246e-05
922.340042445993	-32.8961852583820	2.20273473659519e-05
922.341978430101	-32.8961852843212	2.61224519441447e-05
922.343914414209	-32.8961853184877	3.06953289151064e-05
922.345850398317	-32.8961853617197	3.56514093226928e-05
922.347786382425	-32.8961854147483	4.09173035955456e-05
922.351716145907	-32.8961855550115	5.23458866841289e-05
922.355645909390	-32.8961857421943	6.45270647957020e-05
922.359575672872	-32.8961859793998	7.72516908356621e-05
922.363505436355	-32.8961862689941	9.03828108308046e-05
922.371127318441	-32.8961869862825	0.000116706423360239
922.378749200528	-32.8961879157028	0.000143833489332688
922.386371082615	-32.8961890629767	0.000171499607635060
922.393992964701	-32.8961904317327	0.000199540077827905
922.416933210685	-32.8961959042256	0.000285300204840254
922.439873456668	-32.8962034148378	0.000372174349865164
922.462813702651	-32.8962129531517	0.000459405522903796
922.485753948635	-32.8962244884656	0.000546563885052618
922.522788601641	-32.8962472293056	0.000686729541453371
922.559823254647	-32.8962749281097	0.000825934892661703
922.596857907653	-32.8963074290906	0.000963969246854547
922.633892560659	-32.8963445768203	0.00110072378408980
922.707569907869	-32.8964317041086	0.00136887232385473
922.781247255080	-32.8965355507489	0.00163186695500341
922.854924602291	-32.8966551255588	0.00188984594973141
922.928601949502	-32.8967894999413	0.00214296518891565
923.065179122861	-32.8970748802749	0.00259994633125984
923.201756296221	-32.8974035032094	0.00304204290329603
923.338333469580	-32.8977711621402	0.00347026894378601
923.474910642940	-32.8981740184543	0.00388543478258724
923.724315833483	-32.8989893507934	0.00461207410543654
923.973721024025	-32.8998928895844	0.00530098682619762
924.223126214568	-32.9008690273850	0.00595502006431512
924.472531405110	-32.9019037461914	0.00657636838162843
924.910775857306	-32.9038270815299	0.00759417044756580
925.349020309502	-32.9058382266467	0.00852414786331600
925.787264761699	-32.9078895817907	0.00937239493988047
926.225509213894	-32.9099393202216	0.0101436296043786
926.954639148407	-32.9132518467740	0.0112659627102619
927.683769082919	-32.9163338692584	0.0121989789726327
928.412899017432	-32.9190809649956	0.0129533674705271
929.142028951944	-32.9214081330644	0.0135375467601574
930.253033655359	-32.9240102739311	0.0141148262332045
931.364038358773	-32.9253565771547	0.0143277364150369
932.475043062188	-32.9253830149141	0.0141857628947043
933.586047765603	-32.9240992483380	0.0136934103346719
934.692673847229	-32.9216096961736	0.0128505895222901
935.799299928855	-32.9180739983856	0.0116455869030839
936.905926010481	-32.9137652202495	0.0100534440478370
938.012552092107	-32.9090932769775	0.00802762855686599
938.366532457761	-32.9076096421210	0.00727701869517036
938.720512823414	-32.9061716102203	0.00647098168301492
939.074493189068	-32.9048088580300	0.00560477466980601
939.428473554721	-32.9035563406036	0.00467195237189358
939.581392117215	-32.9030594302700	0.00424636194348791
939.734310679709	-32.9025947022056	0.00380598815674631
939.887229242202	-32.9021665359070	0.00334983202244916
940.040147804696	-32.9017798244837	0.00287667758108676
940.193066367190	-32.9014400885231	0.00238506103270377
940.345984929684	-32.9011536404528	0.00187314415279929
940.498903492177	-32.9009280649512	0.00133900394128047
940.651822054671	-32.9007724381671	0.000780740496657956
940.689647301331	-32.9007459462523	0.000639007023023259
940.727472547991	-32.9007245984725	0.000495878776119335
940.765297794651	-32.9007085670084	0.000351883831581227
940.803123041311	-32.9006980115478	0.000209023056126915
940.809318762174	-32.9006968134558	0.000185963583056586
940.815514483038	-32.9006957633235	0.000163089755319461
940.821710203902	-32.9006948600477	0.000140465325956902
940.827905924766	-32.9006941018915	0.000118181648229670
940.834101645630	-32.9006934862146	9.63960158575073e-05
940.840297366494	-32.9006930092508	7.52454316282653e-05
940.846493087358	-32.9006926643890	5.50858384181311e-05
940.852688808222	-32.9006924414095	3.66389469017717e-05
940.855267343940	-32.9006923810882	2.97294179002861e-05
940.857845879658	-32.9006923375041	2.35047240057457e-05
940.860424415376	-32.9006923086098	1.82393251538842e-05
940.863002951095	-32.9006922917864	1.42964659853315e-05
940.865581486813	-32.9006922830981	1.21717441436751e-05
940.868160022531	-32.9006922838837	1.22297172429220e-05
940.870738558250	-32.9006922956081	1.44111288098819e-05
940.873317093968	-32.9006923151971	1.82666829091084e-05
940.875853601374	-32.9006923422278	2.32121116349344e-05
940.878390108781	-32.9006923827678	2.91109780023510e-05
940.880926616187	-32.9006924388437	3.57166940965633e-05
940.883463123593	-32.9006925122310	4.28371512639896e-05
940.886731092744	-32.9006926344968	5.25770469860282e-05
940.889999061894	-32.9006927898903	6.28170473389026e-05
940.893267031044	-32.9006929801772	7.34365521929512e-05
940.896535000195	-32.9006932067457	8.43517620898931e-05
940.903917205864	-32.9006938574403	0.000109819251484589
940.911299411533	-32.9006947070081	0.000136091541013665
940.918681617203	-32.9006957609775	0.000162897588745488
940.926063822872	-32.9006970228073	0.000190070607209046
940.948496439784	-32.9007021479774	0.000273983614585925
940.970929056696	-32.9007092220043	0.000358977939974303
940.993361673608	-32.9007182336086	0.000444298021156724
941.015794290520	-32.9007291509407	0.000529511829840674
941.051289632510	-32.9007502258057	0.000663766510884664
941.086784974500	-32.9007758384426	0.000797056389290257
941.122280316489	-32.9008058437551	0.000929191864055219
941.157775658479	-32.9008400975498	0.00106007625041368
941.228719214986	-32.9009207370449	0.00131783316901309
941.299662771493	-32.9010167831033	0.00157054282430970
941.370606328000	-32.9011273082099	0.00181835306467131
941.441549884507	-32.9012514443817	0.00206142406232947
941.572849385567	-32.9015144390040	0.00249940816641939
941.704148886627	-32.9018169819401	0.00292295480194325
941.835448387687	-32.9021551708621	0.00333305950606353
941.966747888747	-32.9025254472196	0.00373051651314485
942.206391575910	-32.9032736732578	0.00442548218073975
942.446035263072	-32.9041018207488	0.00508399374618153
942.685678950235	-32.9049954747446	0.00570882215198136
942.925322637398	-32.9059416974853	0.00630210303305126
943.346106947870	-32.9076965172580	0.00727251997271949
943.766891258342	-32.9095278149033	0.00815837034425528
944.187675568814	-32.9113918881575	0.00896555388776507
944.608459879286	-32.9132503811936	0.00969863242380204
945.308257310121	-32.9162427471080	0.0107631808157376
946.008054740955	-32.9190132408463	0.0116457027521209
946.707852171789	-32.9214668727424	0.0123564016011394
947.407649602624	-32.9235266482211	0.0129032568899107
948.474198974828	-32.9257858834392	0.0134350664791668
949.540748347031	-32.9268798209755	0.0136148598443251
950.607297719235	-32.9267555951830	0.0134508846197427
951.673847091439	-32.9254298891365	0.0129464410885505
952.673486621051	-32.9231788947596	0.0121601473435211
953.673126150663	-32.9200874557002	0.0110605996851676
954.672765680276	-32.9163710770393	0.00962695568631972
955.672405209888	-32.9123458448653	0.00782183597736986
955.972896150956	-32.9111365018096	0.00719866100899513
956.273387092024	-32.9099533487107	0.00653449326065120
956.573878033092	-32.9088141941153	0.00582644890923406
956.874368974160	-32.9077395277373	0.00507083887658751
957.174859915228	-32.9067530080061	0.00426196969958372
957.475350856295	-32.9058829556056	0.00339571227406527
957.775841797363	-32.9051654229681	0.00246444743318481
958.076332738431	-32.9046452071369	0.00145299242895157
958.121763213318	-32.9045870522219	0.00129186294036906
958.167193688204	-32.9045350567168	0.00112849320623866
958.212624163090	-32.9044895007787	0.000962849310746628
958.258054637977	-32.9044506840715	0.000794943686420518
958.293636672925	-32.9044251952963	0.000661987229990947
958.329218707874	-32.9044041973962	0.000527745702315914
958.364800742822	-32.9043878466222	0.000392574632398729
958.400382777771	-32.9043762939079	0.000257569334060956
958.410851590513	-32.9043738275683	0.000218168729371744
958.421320403255	-32.9043717861194	0.000179087845142675
958.431789215998	-32.9043701667301	0.000140551331454802
958.442258028740	-32.9043689626548	0.000102979639419364
958.445729483325	-32.9043686531666	9.08410507463622e-05
958.449200937911	-32.9043683871082	7.89251413176948e-05
958.452672392496	-32.9043681634050	6.72921788324157e-05
958.456143847082	-32.9043679806632	5.60274218151249e-05
958.459615301667	-32.9043678370221	4.52573313745837e-05
958.463086756252	-32.9043677301849	3.51436152773013e-05
958.466558210838	-32.9043676568177	2.60024301305608e-05
958.470029665423	-32.9043676121957	1.83623125107971e-05
958.471178403182	-32.9043676027590	1.62913873635386e-05
958.472327140942	-32.9043675955758	1.45196416670789e-05
958.473475878701	-32.9043675904023	1.30956501043926e-05
958.474624616461	-32.9043675870020	1.20665370417829e-05
958.475773354220	-32.9043675851640	1.14754183009848e-05
958.476922091979	-32.9043675847957	1.13522505820421e-05
958.478070829739	-32.9043675858835	1.17041055150025e-05
958.479219567498	-32.9043675884735	1.25124196406176e-05
958.480600927179	-32.9043675937750	1.40326931473469e-05
958.481982286860	-32.9043676018706	1.60768446304098e-05
958.483363646542	-32.9043676131959	1.85644671985483e-05
958.484745006223	-32.9043676281744	2.14160881476889e-05
958.486914596732	-32.9043676600456	2.64736455351082e-05
958.489084187242	-32.9043677033065	3.20921909455827e-05
958.491253777752	-32.9043677591174	3.81384923290465e-05
958.493423368261	-32.9043678284455	4.45162373672816e-05
958.497262196002	-32.9043679865543	5.64208223279453e-05
958.501101023743	-32.9043681925875	6.89213630924802e-05
958.504939851485	-32.9043684489774	8.18528124958602e-05
958.508778679226	-32.9043687575394	9.51068913460423e-05
958.517058109115	-32.9043696065117	0.000124488203163797
958.525337539005	-32.9043707124977	0.000154621288775868
958.533616968894	-32.9043720805142	0.000185230905677136
958.541896398784	-32.9043737132195	0.000216150328675011
958.566168606817	-32.9043800296192	0.000307764386867598
958.590440814850	-32.9043886156809	0.000400013340018609
958.614713022883	-32.9043994385763	0.000492254900904671
958.638985230915	-32.9044124466260	0.000584116961022858
958.676998711487	-32.9044370779227	0.000726933804212283
958.715012192058	-32.9044667437417	0.000868304150382244
958.753025672629	-32.9045012534321	0.00100810812779923
958.791039153200	-32.9045404219567	0.00114629656110564
958.866801615151	-32.9046316892495	0.00141692653391269
958.942564077101	-32.9047395215663	0.00168140188446391
959.018326539051	-32.9048627868411	0.00194000471661689
959.094089001002	-32.9050004346864	0.00219299049439375
959.233521533724	-32.9052882002946	0.00264473380446190
959.372954066446	-32.9056163428971	0.00307977130532222
959.512386599168	-32.9059803077159	0.00349932405864927
959.651819131890	-32.9063759601810	0.00390435265101438
959.904348455824	-32.9071614723303	0.00460343409413106
960.156877779760	-32.9080204779613	0.00526139874940244
960.409407103695	-32.9089368619039	0.00588138195656706
960.661936427630	-32.9098962270846	0.00646579627495869
961.100704881428	-32.9116287919972	0.00740213582392880
961.539473335226	-32.9133995277989	0.00824490636343814
961.978241789025	-32.9151624503438	0.00900045707913227
962.417010242823	-32.9168776206709	0.00967369926347680
963.135515983945	-32.9194979933738	0.0106082524044751
963.854021725067	-32.9217902267156	0.0113454333193888
964.572527466188	-32.9236671227389	0.0118952555183845
965.291033207310	-32.9250619700947	0.0122653672420482
966.361085987692	-32.9261586307287	0.0124949353404397
967.431138768073	-32.9260303621367	0.0123475268458534
968.501191548455	-32.9246960743745	0.0118244156951961
969.571244328837	-32.9222649104018	0.0109196192759112
970.143524520616	-32.9205812647697	0.0102736172561840
970.715804712395	-32.9186851738365	0.00950857456761073
971.288084904174	-32.9166338247582	0.00861782884378294
971.860365095953	-32.9144990186100	0.00759191130312239
972.292880053126	-32.9128835937474	0.00671860319675966
972.725395010299	-32.9113182761511	0.00575380980825799
973.157909967472	-32.9098630817570	0.00468733391373368
973.590424924646	-32.9085926154167	0.00350255231256096
973.737972164592	-32.9082174754534	0.00306736095736711
973.885519404539	-32.9078796454519	0.00261457942233400
974.033066644486	-32.9075846525878	0.00214265521604474
974.180613884432	-32.9073388842917	0.00164954671417888
974.222615623435	-32.9072789234445	0.00150496843553174
974.264617362437	-32.9072237507254	0.00135842228054453
974.306619101440	-32.9071735761524	0.00120984969691607
974.348620840442	-32.9071286235768	0.00105919741611801
974.390622579444	-32.9070891321530	0.000906444974784545
974.432624318447	-32.9070553574227	0.000751536063578715
974.474626057449	-32.9070275705368	0.000594560311698235
974.516627796452	-32.9070060591032	0.000435864286811567
974.536102453937	-32.9069982969766	0.000361939479483939
974.555577111423	-32.9069919738383	0.000287927176805525
974.575051768909	-32.9069871085570	0.000214191658074444
974.594526426394	-32.9069837100864	0.000141646515080196
974.600302919082	-32.9069829833061	0.000120582068979456
974.606079411770	-32.9069823825704	9.98576482304393e-05
974.611855904457	-32.9069819051428	7.96251761198187e-05
974.617632397145	-32.9069815468290	6.01430532780571e-05
974.621103498780	-32.9069813862750	4.89682543208631e-05
974.624574600415	-32.9069812644436	3.83493030113628e-05
974.628045702050	-32.9069811783843	2.85504623998495e-05
974.631516803685	-32.9069811238796	2.00319974583219e-05
974.634987905320	-32.9069811003157	1.36411707351650e-05
974.638459006955	-32.9069810902802	1.07705817270719e-05
974.641930108590	-32.9069810816338	1.18680551778132e-05
974.645401210225	-32.9069810865368	1.60781530400389e-05
974.648298771557	-32.9069811120112	2.12253631683383e-05
974.651196332888	-32.9069811541913	2.77904761586064e-05
974.654093894220	-32.9069812162137	3.53850869007795e-05
974.656991455551	-32.9069813010730	4.36415575855794e-05
974.659829686684	-32.9069814084186	5.21592168950464e-05
974.662667917816	-32.9069815408522	6.10536872692660e-05
974.665506148949	-32.9069816995482	7.02438275672743e-05
974.668344380081	-32.9069818854537	7.96708649667689e-05
974.675471438583	-32.9069824769893	0.000104128825526759
974.682598497086	-32.9069832529589	0.000129398204875239
974.689725555589	-32.9069842188070	0.000155205140828297
974.696852614091	-32.9069853779702	0.000181381875647854
974.717434310016	-32.9069898250229	0.000258241318155531
974.738016005941	-32.9069959127428	0.000336133187543236
974.758597701866	-32.9070036343136	0.000414377869521649
974.779179397791	-32.9070129669136	0.000492590923382264
974.812860315685	-32.9070316389967	0.000620148686181362
974.846541233578	-32.9070544280023	0.000746883502311949
974.880222151471	-32.9070812074314	0.000872591452168108
974.913903069365	-32.9071118505206	0.000997165938517392
974.980710281950	-32.9071835829453	0.00124079705878125
975.047517494536	-32.9072691588113	0.00147985154956105
975.114324707121	-32.9073677719836	0.00171444051622548
975.181131919707	-32.9074786663586	0.00194469592039333
975.305152967458	-32.9077147560506	0.00236120009338448
975.429174015209	-32.9079869374055	0.00276437513622254
975.553195062960	-32.9082917620349	0.00315512662780550
975.677216110712	-32.9086260818858	0.00353418042132595
975.903938037410	-32.9093043241557	0.00419887098776971
976.130659964108	-32.9100571338600	0.00482973029489489
976.357381890806	-32.9108716550837	0.00542933727513575
976.584103817504	-32.9117363388999	0.00599968114883296
976.983354462133	-32.9133505502888	0.00693761278912078
977.382605106761	-32.9150431437013	0.00779674790416881
977.781855751390	-32.9167745738165	0.00858264963516425
978.181106396019	-32.9185100638191	0.00929961390360105
978.848171458316	-32.9213396519851	0.0103527098293690
979.515236520612	-32.9239899249305	0.0112352274436602
980.182301582909	-32.9263721731533	0.0119569247872829
980.849366645206	-32.9284137543044	0.0125254238403013
981.873848558615	-32.9307656894731	0.0131133675956431
982.898330472025	-32.9320630962066	0.0133682566327154
983.922812385434	-32.9322426294293	0.0132989822473943
984.947294298843	-32.9313018717505	0.0129099984787620
986.042071267826	-32.9291353069102	0.0121372048955162
987.136848236809	-32.9259206030206	0.0109854324294627
988.231625205792	-32.9219311544118	0.00942815280325702
989.326402174775	-32.9175887877513	0.00741463418646374
989.691585898266	-32.9161586679849	0.00662840498047754
990.056769621757	-32.9147852532864	0.00577773536558260
990.421953345247	-32.9135053858240	0.00485628026484877
990.787137068738	-32.9123633796517	0.00385479993809026
990.907463150476	-32.9120260612173	0.00350529793143637
991.027789232215	-32.9117118577189	0.00314525265087364
991.148115313953	-32.9114233354027	0.00277400022606534
991.268441395691	-32.9111633388638	0.00239074857385196
991.388767477430	-32.9109350497737	0.00199460169762785
991.509093559168	-32.9107420627866	0.00158435290993688
991.629419640906	-32.9105886068014	0.00115888026925919
991.749745722644	-32.9104796521468	0.000717371617451564
991.773134849090	-32.9104641155032	0.000629682161968109
991.796523975536	-32.9104505283688	0.000541470154031809
991.819913101982	-32.9104389375835	0.000452834470982564
991.843302228428	-32.9104293890442	0.000363961483303179
991.855531003762	-32.9104252242702	0.000317501475678266
991.867759779096	-32.9104216344599	0.000271131414952175
991.879988554430	-32.9104186229170	0.000224973858515717
991.892217329763	-32.9104161907318	0.000179232805881599
991.899158176087	-32.9104150673212	0.000153575880063715
991.906099022410	-32.9104141284148	0.000128241127180469
991.913039868734	-32.9104133712221	0.000103378518474169
991.919980715058	-32.9104127912195	7.92399247039636e-05
991.926921561381	-32.9104123808486	5.62035128651886e-05
991.933862407705	-32.9104121288150	3.51598184229749e-05
991.940803254028	-32.9104120099861	1.86432868566257e-05
991.947744100352	-32.9104119809531	1.11051601492207e-05
991.949163049365	-32.9104119813433	1.12530276748817e-05
991.950581998378	-32.9104119840437	1.21254742787314e-05
991.952000947392	-32.9104119893732	1.36671716034142e-05
991.953419896405	-32.9104119976079	1.57793777826868e-05
991.954838845418	-32.9104120091624	1.83530025185639e-05
991.956257794431	-32.9104120246070	2.13137974658877e-05
991.957676743444	-32.9104120443910	2.45920688220277e-05
991.959095692458	-32.9104120689230	2.81305831390700e-05
991.961992672983	-32.9104121352145	3.59866884802069e-05
991.964889653509	-32.9104122252059	4.44923078102821e-05
991.967786634035	-32.9104123408198	5.34702032081113e-05
991.970683614561	-32.9104124835623	6.28024652529539e-05
991.975895132580	-32.9104128121338	8.02579103654081e-05
991.981106650600	-32.9104132367442	9.83375571121914e-05
991.986318168620	-32.9104137606733	0.000116851821944344
991.991529686639	-32.9104143861830	0.000135679808729020
992.004589430351	-32.9104164086701	0.000183788942039092
992.017649174063	-32.9104190890267	0.000232726058198114
992.030708917775	-32.9104224305949	0.000282085989774834
992.043768661486	-32.9104264313220	0.000331636286953935
992.069518639131	-32.9104362287237	0.000429483458072129
992.095268616776	-32.9104485155032	0.000527136138398393
992.121018594420	-32.9104632324027	0.000624310993340527
992.146768572065	-32.9104803156722	0.000720849920823366
992.195330076235	-32.9105187462149	0.000900976704130745
992.243891580406	-32.9105649649748	0.00107846560198820
992.292453084577	-32.9106185950814	0.00125328322351071
992.341014588748	-32.9106792779174	0.00142544913422145
992.432834246067	-32.9108121213312	0.00174397398779249
992.524653903386	-32.9109670122196	0.00205382055795957
992.616473560705	-32.9111421663193	0.00235551138224345
992.708293218024	-32.9113359439108	0.00264948085247990
992.877360327624	-32.9117365770703	0.00317183750822889
993.046427437225	-32.9121874767621	0.00367145274620840
993.215494546825	-32.9126816750215	0.00415006001518621
993.384561656426	-32.9132128824755	0.00460900542427876
993.686499829054	-32.9142364523411	0.00538305300737843
993.988438001683	-32.9153339528469	0.00610293919126217
994.290376174311	-32.9164823998935	0.00677269691907298
994.592314346940	-32.9176614076179	0.00739542873344995
995.107813622139	-32.9196956783021	0.00835673620927829
995.623312897337	-32.9216976292478	0.00919774313289311
996.138812172535	-32.9236081786435	0.00992604244963904
996.654311447734	-32.9253771258341	0.0105475206090597
997.490733585800	-32.9278454903066	0.0113400990902692
998.327155723867	-32.9297132325987	0.0118778463807575
999.163577861934	-32.9308946917304	0.0121710840477654
1000			-32.9313375963797	0.0122270393236406